0.0009989738464355469
0.002000570297241211
0.0019998550415039062
0.0020012855529785156
0.0010001659393310547
0.0009999275207519531
0.0010001659393310547
0.0019974708557128906
0.0009992122650146484
0.0009992122650146484
0.001001596450805664
0.0010030269622802734
0.0020029544830322266
0.004002094268798828
0.003997087478637695
0.0010027885437011719
0.002001047134399414
0.00099945068359375
0.0
0.0010149478912353516
0.0018787384033203125
0.001999378204345703
0.001997709274291992
0.001988649368286133
0.0009975433349609375
0.0020134449005126953
0.0009992122650146484
0.0010006427764892578
0.003001689910888672
0.0040013790130615234
0.0020020008087158203
0.002999544143676758
0.0019991397857666016
0.000997781753540039
0.0009996891021728516
0.0020012855529785156
0.0009987354278564453
0.0020012855529785156
0.0019943714141845703
0.0019991397857666016
0.0019996166229248047
0.003981351852416992
0.003995656967163086
0.000997781753540039
0.0009992122650146484
0.0019981861114501953
0.0019936561584472656
0.002996206283569336
0.0020029544830322266
0.0019986629486083984
0.0009989738464355469
0.002002716064453125
0.0009996891021728516
0.0010001659393310547
0.0019750595092773438
0.005972862243652344
0.0010008811950683594
0.001018524169921875
0.001986265182495117
0.001013040542602539
0.00299835205078125
0.001001119613647461
0.001999378204345703
0.0009732246398925781
0.003999471664428711
0.0019838809967041016
0.0020024776458740234
0.0009987354278564453
0.0010077953338623047
0.0020012855529785156
0.0010001659393310547
0.0010008811950683594
0.001001596450805664
0.003007173538208008
0.003003835678100586
0.0009996891021728516
0.003005504608154297
0.00099945068359375
0.003000974655151367
0.0010006427764892578
0.003001689910888672
0.001001596450805664
0.0020017623901367188
0.0019969940185546875
0.0029997825622558594
0.002000093460083008
0.0009992122650146484
0.001999378204345703
0.004001140594482422
0.0009975433349609375
0.0029990673065185547
0.00099945068359375
0.0010004043579101562
0.0010151863098144531
0.0009865760803222656
0.0019991397857666016
0.0009984970092773438
0.0009999275207519531
0.0019986629486083984
0.001999378204345703
0.0010118484497070312
0.002000093460083008
0.0020003318786621094
0.002001047134399414
0.0010004043579101562
0.00099945068359375
0.0029981136322021484
0.0009987354278564453
0.0010006427764892578
0.0020177364349365234
0.0010116100311279297
0.002000570297241211
0.0020012855529785156
0.0010004043579101562
0.00099945068359375
0.0010008811950683594
0.004012584686279297
0.0010001659393310547
0.0010006427764892578
0.0010008811950683594
0.0010001659393310547
0.002004861831665039
0.0019822120666503906
0.0010004043579101562
0.0010035037994384766
0.003001689910888672
0.0020017623901367188
0.00099945068359375
0.0019998550415039062
0.0010182857513427734
0.0009975433349609375
0.007024526596069336
0.0019981861114501953
0.002019166946411133
0.0020046234130859375
0.002000093460083008
0.002002716064453125
0.004001617431640625
0.00099945068359375
0.0019991397857666016
0.002000570297241211
0.001016378402709961
0.0019762516021728516
0.003000497817993164
0.0009989738464355469
0.0010006427764892578
0.001997232437133789
0.0
0.00400090217590332
0.0009992122650146484
0.0009784698486328125
0.003000020980834961
0.0009999275207519531
0.0010001659393310547
0.0009999275207519531
0.0029997825622558594
0.0009953975677490234
0.0010004043579101562
0.0020186901092529297
0.001992464065551758
0.0010006427764892578
0.003992795944213867
0.0009989738464355469
0.0029993057250976562
0.0009987354278564453
0.0019991397857666016
0.0009992122650146484
0.0019974708557128906
0.0010004043579101562
0.0010023117065429688
0.0030028820037841797
0.0020067691802978516
0.0019989013671875
0.003000020980834961
0.0010006427764892578
0.0030024051666259766
0.0010004043579101562
0.001001119613647461
0.002000570297241211
0.0019979476928710938
0.0009984970092773438
0.0019872188568115234
0.00099945068359375
0.0019826889038085938
0.0019989013671875
0.000989675521850586
0.0019989013671875
0.0019996166229248047
0.0009777545928955078
0.0020003318786621094
0.002004861831665039
0.001985788345336914
0.0019953250885009766
0.0019986629486083984
0.0020003318786621094
0.0009860992431640625
0.0009849071502685547
0.001998424530029297
0.0010063648223876953
0.003977060317993164
0.0019845962524414062
0.003992795944213867
0.0030164718627929688
0.0009987354278564453
0.0019898414611816406
0.002000570297241211
0.002003192901611328
0.0010004043579101562
0.0009996891021728516
0.0010006427764892578
0.0020017623901367188
0.00099945068359375
0.0019986629486083984
0.0009992122650146484
0.0010008811950683594
0.001009225845336914
0.0020017623901367188
0.0010056495666503906
0.0010004043579101562
0.0039825439453125
0.001976490020751953
0.002002239227294922
0.0009999275207519531
0.002005338668823242
0.00099945068359375
0.00099945068359375
0.001999378204345703
0.0009999275207519531
0.0010006427764892578
0.0009989738464355469
0.00201416015625
0.0009970664978027344
0.0009996891021728516
0.0019998550415039062
0.0020020008087158203
0.0009717941284179688
0.002000570297241211
0.0020012855529785156
0.0009953975677490234
0.003025531768798828
0.002019643783569336
0.0010008811950683594
0.000997781753540039
0.003028392791748047
0.0029947757720947266
0.0009915828704833984
0.003033876419067383
0.0030007362365722656
0.0010004043579101562
0.0010006427764892578
0.0010128021240234375
0.0009996891021728516
0.0009992122650146484
0.008002758026123047
0.0019927024841308594
0.005001068115234375
0.005995273590087891
0.001987934112548828
0.0030007362365722656
0.003024578094482422
0.0020017623901367188
0.0009996891021728516
0.0019996166229248047
0.0019757747650146484
0.0010013580322265625
0.004988908767700195
0.0010006427764892578
0.001999378204345703
0.003000974655151367
0.0029954910278320312
0.0020008087158203125
0.004021167755126953
0.0029990673065185547
0.0009818077087402344
0.0010077953338623047
0.0010018348693847656
0.0009887218475341797
0.0010073184967041016
0.0019981861114501953
0.002005338668823242
0.001983642578125
0.0009870529174804688
0.0009996891021728516
0.0019996166229248047
0.002997875213623047
0.0
0.0
0.0009999275207519531
0.0009975433349609375
0.005000114440917969
0.0009992122650146484
0.0009865760803222656
0.0009999275207519531
0.0019986629486083984
0.0009799003601074219
0.0030028820037841797
0.0020127296447753906
0.0019769668579101562
0.0020003318786621094
0.002000093460083008
0.0019974708557128906
0.001998424530029297
0.0009996891021728516
0.001001596450805664
0.0009963512420654297
0.0009989738464355469
0.0009849071502685547
0.0010008811950683594
0.0019958019256591797
0.0019981861114501953
0.00099945068359375
0.002000570297241211
0.0020020008087158203
0.0009975433349609375
0.0010027885437011719
0.0010008811950683594
0.0010051727294921875
0.0030028820037841797
0.0029935836791992188
0.0009970664978027344
0.0010001659393310547
0.0010008811950683594
0.002001047134399414
0.0010149478912353516
0.001999378204345703
0.0009992122650146484
0.001001596450805664
0.0010001659393310547
0.0019969940185546875
0.0030159950256347656
0.003002643585205078
0.0009992122650146484
0.0020003318786621094
0.000997304916381836
0.005998849868774414
0.0009992122650146484
0.0010216236114501953
0.0019989013671875
0.0010001659393310547
0.0010004043579101562
0.0020029544830322266
0.0009992122650146484
0.0009839534759521484
0.0010004043579101562
0.001001119613647461
0.001997232437133789
0.001983642578125
0.0010144710540771484
0.0029981136322021484
0.0010006427764892578
0.00099945068359375
0.0009999275207519531
0.0009963512420654297
0.002000093460083008
0.002012491226196289
0.000993967056274414
0.0009989738464355469
0.003000497817993164
0.0020029544830322266
0.004001617431640625
0.003009796142578125
0.0010020732879638672
0.004026651382446289
0.0010006427764892578
0.0020160675048828125
0.002001047134399414
0.0010004043579101562
0.0019974708557128906
0.0009999275207519531
0.0010004043579101562
0.001973867416381836
0.0019998550415039062
0.0020008087158203125
0.0010006427764892578
0.002000570297241211
0.0019931793212890625
0.0020036697387695312
0.0030014514923095703
0.001997709274291992
0.001001596450805664
0.0010006427764892578
0.0010044574737548828
0.002002716064453125
0.0009989738464355469
0.0019986629486083984
0.001985311508178711
0.001001119613647461
0.0009984970092773438
0.001991748809814453
0.0010006427764892578
0.0029997825622558594
0.0020139217376708984
0.003986358642578125
0.0009989738464355469
0.0019969940185546875
0.0020020008087158203
0.0009899139404296875
0.0010020732879638672
0.0020067691802978516
0.001001119613647461
0.002992868423461914
0.0020036697387695312
0.0010080337524414062
0.0010008811950683594
0.0019981861114501953
0.0010020732879638672
0.0009987354278564453
0.0009989738464355469
0.0019981861114501953
0.0019981861114501953
0.0010001659393310547
0.0010023117065429688
0.006998777389526367
0.0020008087158203125
0.0010156631469726562
0.002000093460083008
0.0010008811950683594
0.001016855239868164
0.0010030269622802734
0.0009996891021728516
0.003998994827270508
0.0009818077087402344
0.0010023117065429688
0.004004001617431641
0.002004861831665039
0.002996683120727539
0.0009839534759521484
0.003000497817993164
0.0019989013671875
0.0
0.002002716064453125
0.0010161399841308594
0.0019974708557128906
0.0010008811950683594
0.004002094268798828
0.0010001659393310547
0.0019829273223876953
0.002004384994506836
0.0010001659393310547
0.0009996891021728516
0.0009989738464355469
0.0020036697387695312
0.000993490219116211
0.003004312515258789
0.0009989738464355469
0.002014636993408203
0.0020008087158203125
0.0020034313201904297
0.0010001659393310547
0.002000093460083008
0.0010013580322265625
0.0010020732879638672
0.0009946823120117188
0.002001047134399414
0.0020029544830322266
0.0019838809967041016
0.0010166168212890625
0.0010006427764892578
0.0019986629486083984
0.0020012855529785156
0.0009944438934326172
0.0009791851043701172
0.002015352249145508
0.001001596450805664
0.0009844303131103516
0.0030019283294677734
0.0010018348693847656
0.002998828887939453
0.0009832382202148438
0.00099945068359375
0.0019986629486083984
0.0010063648223876953
0.0019996166229248047
0.00099945068359375
0.0029997825622558594
0.0009999275207519531
0.0009987354278564453
0.0010046958923339844
0.0030031204223632812
0.001001596450805664
0.0009970664978027344
0.0029954910278320312
0.00099945068359375
0.001016855239868164
0.002999544143676758
0.002020597457885742
0.0009839534759521484
0.0010004043579101562
0.001998424530029297
0.0020020008087158203
0.0009832382202148438
0.0010170936584472656
0.0019986629486083984
0.0028388500213623047
0.0009970664978027344
0.0020012855529785156
0.0009925365447998047
0.001995563507080078
0.0019974708557128906
