0.0010023117065429688
0.0
0.0
0.0010020732879638672
0.0
0.0
0.0
0.0
0.0009982585906982422
0.0010004043579101562
0.0
0.0
0.0
0.0009975433349609375
0.0
0.0
0.00099945068359375
0.0
0.00099945068359375
0.0
0.0
0.0
0.0
0.0
0.0
0.0009903907775878906
0.0
0.0
0.0010018348693847656
0.0010232925415039062
0.0
0.0
0.0010037422180175781
0.0
0.0
0.0
0.001005411148071289
0.0
0.0
0.0
0.0
0.0009713172912597656
0.0
0.0010008811950683594
0.0
0.0010008811950683594
0.0010061264038085938
0.00099945068359375
0.0
0.0
0.0
0.0
0.0
0.0
0.0
0.0
0.0
0.0
0.0
0.0010004043579101562
0.0009975433349609375
0.0
0.0
0.0
0.0
0.0
0.0
0.0009951591491699219
0.0
0.0
0.0009975433349609375
0.0
0.0
0.0010008811950683594
0.0
0.0
0.0
0.001001119613647461
0.0
0.0
0.0
0.0
0.0
0.0
0.0
0.0
0.0
0.0009992122650146484
0.0009996891021728516
0.0
0.0
0.0010013580322265625
0.0
0.00099945068359375
0.0
0.0
0.0
0.001001596450805664
0.0
0.0
0.0010044574737548828
0.0
0.0
0.0
0.0010001659393310547
0.0010187625885009766
0.0
0.0
0.0010018348693847656
0.0
0.0
0.0
0.0
0.0009984970092773438
0.0
0.0
0.0010004043579101562
0.0
0.0
0.0
0.0
0.0009937286376953125
0.0
0.0
0.0
0.0
0.0009951591491699219
0.0009999275207519531
0.000986337661743164
0.0010128021240234375
0.001001119613647461
0.0
0.0010037422180175781
0.0010025501251220703
0.0009984970092773438
0.0
0.0
0.0009982585906982422
0.0
0.0
0.0009829998016357422
0.0
0.0
0.0
0.0
0.0
0.0
0.0
0.0010116100311279297
0.0
0.0
0.0010039806365966797
0.0
0.0
0.0
0.0
0.0010008811950683594
0.0
0.0
0.0
0.0
0.0010004043579101562
0.0009992122650146484
0.0010037422180175781
0.0
0.0
0.0009996891021728516
0.0
0.0
0.0
0.0009975433349609375
0.0
0.0010008811950683594
0.0010023117065429688
0.0
0.0
0.0
0.0
0.0010001659393310547
0.0
0.0
0.0
0.0009999275207519531
0.0009937286376953125
0.0
0.0009982585906982422
0.0
0.0
0.0009999275207519531
0.0
0.0010037422180175781
0.0
0.0
0.000980377197265625
0.0
0.0010001659393310547
0.00099945068359375
0.0
0.0
0.0
0.0
0.0
0.0
0.0
0.0
0.0
0.0
0.0
0.0
0.0010006427764892578
0.0
0.0
0.0
0.0
0.0
0.000980377197265625
0.0
0.0
0.0009965896606445312
0.0
0.0
0.0010013580322265625
0.0010073184967041016
0.0
0.0009870529174804688
0.0010056495666503906
0.0
0.0
0.0
0.0
0.0
0.0
0.0
0.0009987354278564453
0.0
0.0
0.0
0.00099945068359375
0.0
0.0
0.0
0.000993967056274414
0.0010259151458740234
0.0
0.0009999275207519531
0.0
0.0010254383087158203
0.0010249614715576172
0.0
0.0010039806365966797
0.0
0.001005411148071289
0.0
0.0010018348693847656
0.0
0.0010156631469726562
0.0
0.0
0.0
0.0010006427764892578
0.0
0.0
0.0
0.0
0.0
0.0
0.0
0.0
0.0
0.0009887218475341797
0.0
0.0010008811950683594
0.0
0.0
0.0
0.0
0.0010006427764892578
0.0
0.0010001659393310547
0.0
0.0
0.0
0.0
0.0009984970092773438
0.0010001659393310547
0.0
0.0
0.0
0.0009996891021728516
0.0
0.001008749008178711
0.00099945068359375
0.0009989738464355469
0.0009944438934326172
0.0
0.0010035037994384766
0.0009999275207519531
0.001001119613647461
0.0009975433349609375
0.0
0.0
0.0
0.0
0.0
0.0010004043579101562
0.0
0.0
0.0009987354278564453
0.001001596450805664
0.0
0.0
0.0010001659393310547
0.0009944438934326172
0.0
0.0
0.0
0.0
0.0
0.0
0.0
0.0
0.0
0.0
0.0
0.0
0.0
0.0010178089141845703
0.0010035037994384766
0.0
0.0
0.0
0.0
0.0
0.0
0.0009982585906982422
0.0009992122650146484
0.0
0.0
0.0
0.0
0.0
0.0
0.0
0.0
0.0
0.0
0.0
0.0009999275207519531
0.0010137557983398438
0.0
0.0010008811950683594
0.001003265380859375
0.0010013580322265625
0.0
0.0
0.0
0.0
0.0
0.0010044574737548828
0.0
0.0
0.0
0.0
0.0
0.0
0.0
0.0
0.0010030269622802734
0.001001119613647461
0.0010020732879638672
0.0009872913360595703
0.0
0.0
0.0
0.0
0.0
0.0
0.0
0.0
0.0009779930114746094
0.0
0.0
0.0
0.0
0.0
0.0
0.0010213851928710938
0.0
0.0
0.0
0.0
0.0
0.0010023117065429688
0.0
0.00099945068359375
0.0
0.0009984970092773438
0.0
0.0010018348693847656
0.0
0.0
0.0
0.0
0.0
0.0007812976837158203
0.0009999275207519531
0.0
0.0
0.0
0.0
0.0
0.0
0.0009992122650146484
0.0
0.0
0.0
0.0009996891021728516
0.0
0.0
0.0
0.0
0.0
0.0
0.0
0.0
0.0009937286376953125
0.0
0.0
0.0010006427764892578
0.0
0.0
0.0
0.0
0.0
0.0
0.0
0.0
0.0
0.0009989738464355469
0.0
0.0
0.0009970664978027344
0.000997304916381836
0.0
0.0
0.0
0.0
0.0009984970092773438
0.0
0.0009999275207519531
0.0
0.0
0.0
0.0010013580322265625
0.0009999275207519531
0.0010008811950683594
0.0
0.0
0.0
0.0
0.0
0.0
0.0
0.0
0.0
0.000997781753540039
0.0
0.0
0.0
0.0010008811950683594
0.0010001659393310547
0.0
0.0
0.0
0.0
0.0
0.0
0.0009999275207519531
0.0
0.0
0.0009992122650146484
0.001001596450805664
0.0
0.0009970664978027344
0.0010008811950683594
0.0
0.0
0.0
0.0
0.001001596450805664
0.0
0.0
0.0
0.0
0.0
0.0009965896606445312
0.0010030269622802734
0.0009968280792236328
0.00099945068359375
