0.0009984970092773438
0.0010025501251220703
0.0
0.0
0.0010001659393310547
0.0
0.001001596450805664
0.0010008811950683594
0.0010013580322265625
0.0009982585906982422
0.0009963512420654297
0.0010006427764892578
0.0
0.0010001659393310547
0.0
0.0
0.0
0.0
0.0
0.0
0.0010004043579101562
0.0
0.0
0.0010001659393310547
0.0
0.0
0.0
0.0010051727294921875
0.0
0.0019965171813964844
0.0009951591491699219
0.0
0.0
0.0
0.0
0.0
0.0
0.0
0.0
0.0
0.0
0.0
0.0
0.0
0.0009965896606445312
0.0
0.0010058879852294922
0.0009992122650146484
0.0
0.0
0.0
0.0
0.0
0.0
0.0
0.0
0.0
0.0009989738464355469
0.0
0.0010006427764892578
0.0
0.0009999275207519531
0.0
0.0010023117065429688
0.0
0.000993490219116211
0.0
0.0010004043579101562
0.0
0.0
0.0
0.0010068416595458984
0.0009982585906982422
0.0
0.0009996891021728516
0.0
0.0
0.0
0.0
0.0
0.0
0.0
0.0
0.0009982585906982422
0.0
0.0009992122650146484
0.001001596450805664
0.0
0.0010004043579101562
0.0009999275207519531
0.0010020732879638672
0.0
0.0
0.0010006427764892578
0.0010099411010742188
0.0
0.0010073184967041016
0.0010001659393310547
0.0
0.0010018348693847656
0.0
0.0
0.001001596450805664
0.0009846687316894531
0.0010006427764892578
0.0
0.0
0.0010161399841308594
0.0
0.0
0.0
0.0
0.0010006427764892578
0.0010020732879638672
0.0009987354278564453
0.0
0.0
0.0009999275207519531
0.0
0.0
0.0
0.0010004043579101562
0.0010018348693847656
0.0
0.0
0.0
0.0010170936584472656
0.0
0.0009989738464355469
0.0
0.0
0.0009837150573730469
0.0
0.00099945068359375
0.0010001659393310547
0.0
0.0009982585906982422
0.0010204315185546875
0.0
0.0
0.0
0.0
0.0
0.0
0.0
0.0
0.0
0.0
0.0
0.0
0.0
0.0
0.0
0.001007080078125
0.0010020732879638672
0.0
0.0010004043579101562
0.0
0.0
0.0
0.0
0.0010006427764892578
0.0012853145599365234
0.0
0.0
0.0
0.0
0.0
0.0
0.0
0.0
0.0
0.0
0.0
0.0
0.0
0.0
0.0010004043579101562
0.0
0.0009846687316894531
0.0010018348693847656
0.0
0.0
0.0
0.0009999275207519531
0.000997781753540039
0.0
0.0
0.0
0.0009992122650146484
0.0010008811950683594
0.0
0.0
0.0
0.000997781753540039
0.0
0.0009818077087402344
0.0
0.0
0.0010004043579101562
0.0
0.0010004043579101562
0.00099945068359375
0.0009963512420654297
0.0010042190551757812
0.0
0.0
0.0
0.0
0.0
0.0
0.0
0.0010001659393310547
0.0
0.0
0.0
0.0
0.0010001659393310547
0.0
0.0
0.0009996891021728516
0.0
0.0009961128234863281
0.0
0.0009999275207519531
0.0010001659393310547
0.0
0.0
0.000997304916381836
0.0
0.0
0.0
0.0010228157043457031
0.0010001659393310547
0.0
0.0009937286376953125
0.0010004043579101562
0.0
0.0
0.0009682178497314453
0.0
0.0
0.0
0.0
0.0009999275207519531
0.0
0.0009982585906982422
0.0009989738464355469
0.0
0.0
0.0010025501251220703
0.0
0.0
0.0010008811950683594
0.0
0.0
0.0
0.0
0.0
0.0
0.0
0.0
0.0009999275207519531
0.0
0.0
0.0009980201721191406
0.0
0.0
0.0
0.0
0.0
0.0
0.0
0.0
0.0
0.0
0.0010046958923339844
0.0
0.001001596450805664
0.0010006427764892578
0.0
0.0
0.0
0.0
0.0010008811950683594
0.0
0.0010013580322265625
0.0
0.0
0.0019979476928710938
0.0
0.0
0.0010173320770263672
0.0
0.0010209083557128906
0.0
0.0010020732879638672
0.0
0.0
0.0010128021240234375
0.0009922981262207031
0.0
0.0010001659393310547
0.0
0.0
0.0
0.0
0.0
0.0009999275207519531
0.0
0.0
0.0
0.0
0.00099945068359375
0.0009996891021728516
0.0009992122650146484
0.0
0.0
0.0
0.0
0.0
0.0009937286376953125
0.0
0.0009794235229492188
0.0
0.0009860992431640625
0.0
0.0
0.0
0.0009894371032714844
0.0010030269622802734
0.0010008811950683594
0.0
0.0
0.0
0.0
0.0
0.0
0.0
0.00099945068359375
0.0010199546813964844
0.0
0.0
0.0
0.0
0.0
0.0
0.0
0.0
0.0
0.0
0.001001596450805664
0.0
0.0
0.0009906291961669922
0.0
0.0
0.0
0.0
0.0010020732879638672
0.0
0.0
0.0
0.0
0.0
0.0009975433349609375
0.0
0.0
0.0
0.0
0.0009975433349609375
0.0009996891021728516
0.0
0.0010008811950683594
0.000982046127319336
0.0
0.0010001659393310547
0.0
0.0
0.0
0.0
0.0
0.001008749008178711
0.0
0.0
0.0
0.0
0.0
0.0
0.0
0.0009989738464355469
0.000997781753540039
0.0010046958923339844
0.001003265380859375
0.0
0.0
0.0010008811950683594
0.0010149478912353516
0.0
0.0009660720825195312
0.0010001659393310547
0.0
0.001001596450805664
0.0009992122650146484
0.0
0.0
0.0
0.001001596450805664
0.0010006427764892578
0.0
0.0
0.0010004043579101562
0.0009996891021728516
0.0010094642639160156
0.0
0.0
0.0
0.0
0.0010204315185546875
0.0
0.0
0.0
0.0009829998016357422
0.001005411148071289
0.0
0.0
0.0
0.0010008811950683594
0.00099945068359375
0.0
0.001003265380859375
0.0010001659393310547
0.00099945068359375
0.0
0.0009846687316894531
0.0
0.0010006427764892578
0.0
0.0009996891021728516
0.0
0.0
0.0
0.0010001659393310547
0.0005154609680175781
0.001001596450805664
0.0
0.0
0.0009846687316894531
0.0
0.0
0.0009987354278564453
0.0
0.0
0.0
0.0
0.0
0.000997304916381836
0.0
0.0
0.0
0.0
0.0
0.0009953975677490234
0.0
0.0
0.0
0.0010116100311279297
0.0
0.0
0.0010013580322265625
0.0010004043579101562
0.0009992122650146484
0.0
0.0
0.0009891986846923828
0.0
0.0
0.0
0.0
0.0
0.0
0.00099945068359375
0.0
0.0
0.0010004043579101562
0.0
0.0
0.0
0.0
0.0010001659393310547
0.0009953975677490234
0.0
0.0009992122650146484
0.001001596450805664
0.0
0.0010027885437011719
0.0
0.0
0.0
