0.00600123405456543
0.0019989013671875
0.004004001617431641
0.0019986629486083984
0.0020003318786621094
0.0009999275207519531
0.00899648666381836
0.0019996166229248047
0.002992391586303711
0.0
0.007002592086791992
0.0
0.001999378204345703
0.03399968147277832
0.014998197555541992
0.0010001659393310547
0.0019991397857666016
0.0019843578338623047
0.0010132789611816406
0.0020170211791992188
0.00800013542175293
0.0
0.0009989738464355469
0.00099945068359375
0.005998373031616211
0.002001047134399414
0.0009884834289550781
0.003995418548583984
0.003998756408691406
0.0039899349212646484
0.0010044574737548828
0.0009989738464355469
0.001001596450805664
0.005013227462768555
0.0009996891021728516
0.0009999275207519531
0.0009996891021728516
0.0030214786529541016
0.004000425338745117
0.013002157211303711
0.002999544143676758
0.0009999275207519531
0.007002115249633789
0.008003711700439453
0.008005619049072266
0.001990079879760742
0.004003763198852539
0.004998683929443359
0.01699972152709961
0.0010025501251220703
0.0019953250885009766
0.0030019283294677734
0.005999565124511719
0.0010056495666503906
0.003004312515258789
0.008000612258911133
0.006997585296630859
0.0009918212890625
0.005022764205932617
0.003998517990112305
0.003991842269897461
0.000997781753540039
0.0009996891021728516
0.00400090217590332
0.007986307144165039
0.002009868621826172
0.008014917373657227
0.008002281188964844
0.013980627059936523
0.0019981861114501953
0.00897979736328125
0.0009999275207519531
0.002004384994506836
0.0060024261474609375
0.018001079559326172
0.010999679565429688
0.0020041465759277344
0.007996559143066406
0.001001596450805664
0.005002260208129883
0.001997232437133789
0.0010004043579101562
0.0010001659393310547
0.0020003318786621094
0.014513969421386719
0.0039958953857421875
0.00099945068359375
0.006002187728881836
0.011000394821166992
0.008000612258911133
0.0009851455688476562
0.005003690719604492
0.002001047134399414
0.009999513626098633
0.0009946823120117188
0.0029981136322021484
0.0009958744049072266
0.0029981136322021484
0.008000850677490234
0.001999378204345703
0.002001047134399414
0.0010268688201904297
0.011985540390014648
0.0010159015655517578
0.005999565124511719
0.01199483871459961
0.0030159950256347656
0.0030014514923095703
0.01101064682006836
0.0010085105895996094
0.0010004043579101562
0.0049970149993896484
0.0019969940185546875
0.004997730255126953
0.0039980411529541016
0.0019996166229248047
0.0030002593994140625
0.0
0.0019989013671875
0.0010008811950683594
0.0029985904693603516
0.0030002593994140625
0.008991718292236328
0.001999378204345703
0.003003358840942383
0.0
0.0
0.002000570297241211
0.007996797561645508
0.005014657974243164
0.006003141403198242
0.0009992122650146484
0.00799870491027832
0.010986328125
0.0009982585906982422
0.0009984970092773438
0.0
0.012986421585083008
0.0010144710540771484
0.00499725341796875
0.006439685821533203
0.0020182132720947266
0.0009989738464355469
0.0029997825622558594
0.0010008811950683594
0.004000663757324219
0.002016305923461914
0.0010051727294921875
0.004997968673706055
0.0029964447021484375
0.003998279571533203
0.007016658782958984
0.0019989013671875
0.0009961128234863281
0.0
0.00398707389831543
0.0010004043579101562
0.0010006427764892578
0.0010027885437011719
0.00099945068359375
0.0039861202239990234
0.002001047134399414
0.00500178337097168
0.00099945068359375
0.006003856658935547
0.0030019283294677734
0.0009999275207519531
0.0019996166229248047
0.006987571716308594
0.004992246627807617
0.003015756607055664
0.005993843078613281
0.00501251220703125
0.004984855651855469
0.0019996166229248047
0.0019860267639160156
0.0030002593994140625
0.0009992122650146484
0.015000581741333008
0.0
0.0
0.0010159015655517578
0.0040013790130615234
0.005007266998291016
0.0010039806365966797
0.0
0.0009996891021728516
0.001010894775390625
0.0010006427764892578
0.017000913619995117
0.0039806365966796875
0.0010001659393310547
0.002000093460083008
0.001984834671020508
0.001001119613647461
0.0050199031829833984
0.0029997825622558594
0.003999471664428711
0.0009853839874267578
0.0010008811950683594
0.0019953250885009766
0.0009999275207519531
0.0019826889038085938
0.0009996891021728516
0.004003763198852539
0.0030057430267333984
0.005982637405395508
0.004981279373168945
0.003000974655151367
0.004004955291748047
0.0019974708557128906
0.0009996891021728516
0.00397491455078125
0.0
0.0029938220977783203
0.003986358642578125
0.0019979476928710938
0.009998559951782227
0.0029802322387695312
0.006014108657836914
0.005028247833251953
0.0
0.004988670349121094
0.005019426345825195
0.0010001659393310547
0.0019960403442382812
0.005997657775878906
0.0
0.0010025501251220703
0.016997814178466797
0.003988027572631836
0.0020155906677246094
0.006003856658935547
0.0009996891021728516
0.0009992122650146484
0.009003639221191406
0.0049893856048583984
0.0029904842376708984
0.0009982585906982422
0.006029367446899414
0.0010180473327636719
0.0039958953857421875
0.0019779205322265625
0.0010008811950683594
0.0
0.0029997825622558594
0.0029904842376708984
0.009002447128295898
0.0020008087158203125
0.00398707389831543
0.006981372833251953
0.007993221282958984
0.0020101070404052734
0.023012876510620117
0.002000570297241211
0.0030012130737304688
0.0010004043579101562
0.006986141204833984
0.003014802932739258
0.0030014514923095703
0.005007266998291016
0.003014087677001953
0.0009992122650146484
0.0069963932037353516
0.0009996891021728516
0.0050048828125
0.0029807090759277344
0.0009992122650146484
0.007999181747436523
0.008013486862182617
0.0
0.0039975643157958984
0.0009999275207519531
0.0029990673065185547
0.0009992122650146484
0.0019965171813964844
0.002991914749145508
0.001989126205444336
0.002994060516357422
0.011983871459960938
0.0010001659393310547
0.0019991397857666016
0.0019986629486083984
0.0039980411529541016
0.007999181747436523
0.002010822296142578
0.0010001659393310547
0.005999088287353516
0.00899052619934082
0.005991220474243164
0.0049970149993896484
0.0020008087158203125
0.0069942474365234375
0.00099945068359375
0.002979278564453125
0.003000497817993164
0.0019979476928710938
0.0019910335540771484
0.0029973983764648438
0.008985042572021484
0.006983757019042969
0.0009987354278564453
0.0009984970092773438
0.002000093460083008
0.0
0.001998424530029297
0.003998517990112305
0.0020029544830322266
0.0009996891021728516
0.0009989738464355469
0.009998798370361328
0.003997802734375
0.0010020732879638672
0.0029997825622558594
0.0029909610748291016
0.0030002593994140625
0.00099945068359375
0.001984119415283203
0.0009999275207519531
0.003991365432739258
0.0009996891021728516
0.0
0.003998994827270508
0.0020051002502441406
0.015010356903076172
0.0070002079010009766
0.003998994827270508
0.007002115249633789
0.0
0.001001119613647461
0.003998756408691406
0.0010178089141845703
0.002994537353515625
0.005001068115234375
0.0010213851928710938
0.0019986629486083984
0.0009992122650146484
0.0040187835693359375
0.0020008087158203125
0.0039882659912109375
0.00798177719116211
0.0019989013671875
0.001984119415283203
0.0019996166229248047
0.006982326507568359
0.0019991397857666016
0.0009996891021728516
0.0019981861114501953
0.005001544952392578
0.003998994827270508
0.007013797760009766
0.003000020980834961
0.005999088287353516
0.0029981136322021484
0.0030083656311035156
0.002002239227294922
0.0060122013092041016
0.00999903678894043
0.0010004043579101562
0.001994609832763672
0.0030188560485839844
0.0010006427764892578
0.0
0.0030164718627929688
0.0010001659393310547
0.0019986629486083984
0.002999544143676758
0.005998134613037109
0.0060155391693115234
0.0020079612731933594
0.0059740543365478516
0.003000020980834961
0.0010151863098144531
0.0049991607666015625
0.01299738883972168
0.0029985904693603516
0.0009980201721191406
0.0009851455688476562
0.0009925365447998047
0.002997875213623047
0.002994537353515625
0.001998424530029297
0.0059931278228759766
0.006998300552368164
0.001001596450805664
0.002000093460083008
0.0009932518005371094
0.0029816627502441406
0.0019974708557128906
0.0010042190551757812
0.0019965171813964844
0.004000425338745117
0.0019996166229248047
0.003002643585205078
0.002985715866088867
0.0009844303131103516
0.0009982585906982422
0.0009856224060058594
0.0050051212310791016
0.0010325908660888672
0.0020172595977783203
0.0029993057250976562
0.0010068416595458984
0.003999948501586914
0.0009870529174804688
0.0029997825622558594
0.0029990673065185547
0.004000186920166016
0.0029985904693603516
0.0020143985748291016
0.0010192394256591797
0.0030007362365722656
0.006001710891723633
0.009001016616821289
0.0040013790130615234
0.0019986629486083984
0.005998849868774414
0.0010144710540771484
0.0009958744049072266
0.0009963512420654297
0.0019969940185546875
0.013000249862670898
0.0
0.00099945068359375
0.0019981861114501953
0.002001523971557617
0.0019991397857666016
0.0
0.005000591278076172
0.003996133804321289
0.006003618240356445
0.002000093460083008
0.009997844696044922
0.004993438720703125
0.0009999275207519531
0.006016254425048828
0.021012306213378906
0.0
0.0019986629486083984
0.008000850677490234
0.002984285354614258
0.00400090217590332
0.002011537551879883
0.0020439624786376953
0.0
0.0020062923431396484
0.0020198822021484375
0.0
0.0060079097747802734
0.004999399185180664
0.0020008087158203125
0.003994941711425781
0.0019979476928710938
0.0029973983764648438
0.0
0.005997657775878906
0.008005380630493164
0.005000591278076172
0.0019991397857666016
0.00379180908203125
0.00498509407043457
0.00099945068359375
0.002002716064453125
0.002000093460083008
0.0009963512420654297
0.01200246810913086
0.0
0.001985788345336914
0.0019996166229248047
0.0039937496185302734
0.00499725341796875
0.002015829086303711
0.005001544952392578
0.0030205249786376953
0.005009174346923828
0.0010175704956054688
0.005999326705932617
0.0019965171813964844
0.003997802734375
0.0029981136322021484
0.002000093460083008
0.06651544570922852
0.0019996166229248047
0.0
0.009998321533203125
0.004986286163330078
0.013998031616210938
0.008013486862182617
0.0
0.00398564338684082
0.004020214080810547
0.0019996166229248047
0.0010066032409667969
0.005988121032714844
0.002990245819091797
0.007002115249633789
0.0049855709075927734
0.012002229690551758
0.0069844722747802734
