0.30054807662963867
0.3111238479614258
0.3079984188079834
0.3339965343475342
0.30299878120422363
0.29399943351745605
0.4389970302581787
0.3130002021789551
0.30700016021728516
0.29400086402893066
0.3207967281341553
0.3153188228607178
0.2909996509552002
0.4610018730163574
0.35200023651123047
0.31800079345703125
0.3299713134765625
0.2860567569732666
0.30703139305114746
0.29923224449157715
0.4786496162414551
0.2690002918243408
0.29399967193603516
0.29799747467041016
0.3414583206176758
0.3150796890258789
0.26222968101501465
0.2809877395629883
0.33286619186401367
0.40992021560668945
0.291825532913208
0.3399980068206787
0.3270273208618164
0.3400149345397949
0.27681946754455566
0.27745485305786133
0.3039698600769043
0.30124998092651367
0.27699875831604004
0.3746309280395508
0.31001806259155273
0.30800700187683105
0.3330380916595459
0.3021109104156494
0.3155338764190674
0.31051135063171387
0.2958362102508545
0.3309752941131592
0.2982180118560791
0.30492448806762695
0.3081679344177246
0.27300024032592773
0.28498101234436035
0.39975810050964355
0.2925608158111572
0.30110669136047363
0.31077122688293457
0.3023946285247803
0.2859156131744385
0.29854631423950195
0.3152313232421875
0.2869992256164551
0.32201600074768066
0.31633496284484863
0.2948801517486572
0.28611135482788086
0.4350161552429199
0.2989509105682373
0.2953629493713379
0.28809499740600586
0.28943824768066406
0.290971040725708
0.3349795341491699
0.3355274200439453
0.3489999771118164
0.32051873207092285
0.30700063705444336
0.3200826644897461
0.2830026149749756
0.3009986877441406
0.3265202045440674
0.2779972553253174
0.2889983654022217
0.3130357265472412
0.3360419273376465
0.3380424976348877
0.32199621200561523
0.3079993724822998
0.33852291107177734
0.3425557613372803
0.3159170150756836
0.2970705032348633
0.285062313079834
0.30121755599975586
0.26918554306030273
0.2851719856262207
0.30533719062805176
0.26599931716918945
0.29880571365356445
0.38251614570617676
0.3059089183807373
0.3070528507232666
0.35605788230895996
0.3173389434814453
0.36287546157836914
0.3096475601196289
0.3100545406341553
0.29905128479003906
0.343963623046875
0.2661561965942383
0.28509068489074707
0.329211950302124
0.32398414611816406
0.30698585510253906
0.30388474464416504
0.31703615188598633
0.319751501083374
0.351055383682251
0.2985379695892334
0.30061793327331543
0.2891576290130615
0.27092432975769043
0.2915318012237549
0.3824281692504883
0.28812170028686523
0.28791379928588867
0.29302048683166504
0.27532505989074707
0.31416821479797363
0.29793763160705566
0.3257865905761719
0.33724355697631836
0.2948329448699951
0.3264482021331787
0.3155035972595215
0.29405760765075684
0.3241708278656006
0.33278632164001465
0.3055579662322998
0.47335243225097656
0.2962968349456787
0.28517842292785645
0.33066225051879883
0.3001363277435303
0.30472588539123535
0.33258938789367676
0.3117518424987793
0.301135778427124
0.30397462844848633
0.28598880767822266
0.30886030197143555
0.5041999816894531
0.29645538330078125
0.28998517990112305
0.3304312229156494
0.3451089859008789
0.3202250003814697
0.2802863121032715
0.33353281021118164
0.26613855361938477
0.298112154006958
0.3070077896118164
0.32512664794921875
0.32186031341552734
0.33524489402770996
0.31902146339416504
0.2946293354034424
0.27106809616088867
0.31218552589416504
0.2946498394012451
0.3625979423522949
0.30416178703308105
0.33759284019470215
0.2939116954803467
0.3127312660217285
0.33301353454589844
0.2904536724090576
0.2849998474121094
0.46334123611450195
0.3151669502258301
0.2878544330596924
0.3145017623901367
0.2952849864959717
0.2883176803588867
0.3573033809661865
0.2929990291595459
0.3141343593597412
0.26373982429504395
0.30305051803588867
0.33096814155578613
0.30884218215942383
0.30306196212768555
0.29271841049194336
1.1152939796447754
0.31604766845703125
0.28975605964660645
0.34766244888305664
0.3008308410644531
0.30071568489074707
0.2784726619720459
0.26410531997680664
0.292452335357666
0.41687870025634766
0.28697943687438965
0.4543569087982178
0.309337854385376
0.28372883796691895
0.31854820251464844
0.32552456855773926
0.29894089698791504
0.2748832702636719
0.2991964817047119
0.3745148181915283
0.4614701271057129
0.28182339668273926
0.3095860481262207
0.30823850631713867
0.3283414840698242
0.30220723152160645
0.32475709915161133
0.31926679611206055
0.30471372604370117
0.30620908737182617
0.29787755012512207
0.29418158531188965
0.29332733154296875
0.3153209686279297
0.29914355278015137
0.30032992362976074
0.300731897354126
0.2824287414550781
0.28438496589660645
0.29033827781677246
0.28746914863586426
0.2801504135131836
0.35195326805114746
0.3270411491394043
0.3089454174041748
0.2793159484863281
0.3083343505859375
0.33399128913879395
0.3047060966491699
0.31331348419189453
0.303241491317749
0.31374096870422363
0.2777245044708252
0.3070211410522461
0.31723928451538086
0.30300331115722656
0.30660080909729004
0.289487361907959
0.28621625900268555
0.2871413230895996
0.3311443328857422
0.27708888053894043
0.30490684509277344
0.282881498336792
0.29346776008605957
0.29815030097961426
0.29052734375
0.30924439430236816
0.2912139892578125
0.3170018196105957
0.3269383907318115
0.2788112163543701
0.3195037841796875
0.2766237258911133
0.2720646858215332
0.302553653717041
0.26659226417541504
0.3101677894592285
0.3287208080291748
0.30406808853149414
0.31814146041870117
0.47481465339660645
0.2771286964416504
0.28050732612609863
0.2804245948791504
0.317241907119751
0.294818639755249
0.3110482692718506
0.29442262649536133
0.29254817962646484
0.3121531009674072
0.3183436393737793
0.32187509536743164
0.2711014747619629
0.3181800842285156
0.3546886444091797
0.41789674758911133
0.29785966873168945
0.3251190185546875
0.30837464332580566
0.2910301685333252
0.2868351936340332
0.3370356559753418
0.2935526371002197
0.2930715084075928
0.3119645118713379
0.4433109760284424
0.3085353374481201
0.30873656272888184
0.31606483459472656
0.31012415885925293
0.29404330253601074
0.28511786460876465
0.3030369281768799
0.293001651763916
0.2740013599395752
0.302001953125
0.3049960136413574
0.3149998188018799
0.29920506477355957
0.32599806785583496
0.3175365924835205
0.29540419578552246
0.31403684616088867
0.29647231101989746
0.32706284523010254
0.31630921363830566
0.2916285991668701
0.2893362045288086
0.29146528244018555
0.32622551918029785
0.2774031162261963
0.31653523445129395
0.31403613090515137
0.3055908679962158
0.2888755798339844
0.31987833976745605
0.2945544719696045
0.3251931667327881
0.470752477645874
0.3016219139099121
0.4113144874572754
0.2814652919769287
0.2953226566314697
0.28815603256225586
0.2677299976348877
0.3105809688568115
0.31100893020629883
0.3134307861328125
0.2930569648742676
0.2840149402618408
0.3007230758666992
0.31377506256103516
0.2880840301513672
0.28551745414733887
0.334545373916626
0.3071155548095703
0.2883734703063965
0.3516721725463867
0.2830955982208252
0.31073427200317383
0.34978199005126953
0.28064465522766113
0.30956006050109863
0.33402109146118164
0.292299747467041
0.27475547790527344
0.29230165481567383
0.290743350982666
0.3150177001953125
0.2817509174346924
0.32703399658203125
0.30380725860595703
0.2672710418701172
0.2926349639892578
0.297044038772583
0.3249046802520752
0.29110240936279297
0.31816887855529785
0.29413938522338867
0.32302069664001465
0.33575963973999023
0.2939486503601074
0.3230760097503662
0.3289780616760254
0.28918981552124023
0.30622339248657227
0.2999725341796875
0.3023965358734131
0.2810807228088379
0.286029577255249
0.3175485134124756
0.28322601318359375
0.3133361339569092
0.29104065895080566
0.2789881229400635
0.3304574489593506
0.3048403263092041
0.3005847930908203
1.1947848796844482
0.2850518226623535
0.3092942237854004
0.31822633743286133
0.2850215435028076
0.2825329303741455
0.32236671447753906
0.29714083671569824
0.28617095947265625
0.29399991035461426
0.2650737762451172
0.30703258514404297
0.3022646903991699
0.295879602432251
0.3030369281768799
0.34799742698669434
0.3099989891052246
0.2969987392425537
0.2778053283691406
0.30099964141845703
0.35000014305114746
0.3119981288909912
0.2777829170227051
0.3550431728363037
0.28492188453674316
0.2946655750274658
0.3091926574707031
0.28406739234924316
0.3111231327056885
0.3269808292388916
0.3043537139892578
0.27303266525268555
0.3020026683807373
0.299396276473999
0.37598156929016113
0.32854270935058594
0.4350454807281494
0.2567613124847412
0.30318641662597656
0.318972110748291
0.32181453704833984
0.3049924373626709
0.4610483646392822
0.3212161064147949
0.28803467750549316
0.2889270782470703
0.2919461727142334
0.29521608352661133
0.3039062023162842
0.28487586975097656
0.2835423946380615
0.28912878036499023
0.3280308246612549
0.35312461853027344
0.2865028381347656
0.3218080997467041
0.34970903396606445
0.3475227355957031
0.32761621475219727
0.2892274856567383
0.4814183712005615
0.2936208248138428
0.26999807357788086
0.28193092346191406
0.28957486152648926
0.27170705795288086
0.3106265068054199
0.29740381240844727
0.2836296558380127
0.3066823482513428
0.30786919593811035
0.27812862396240234
0.30318307876586914
0.294095516204834
0.3296070098876953
0.3271903991699219
0.2710897922515869
0.29685521125793457
0.3165605068206787
0.31384801864624023
0.29998302459716797
0.28916215896606445
0.30510640144348145
0.29817986488342285
0.30347180366516113
0.2845942974090576
0.3045191764831543
0.3124213218688965
0.28301167488098145
0.30056214332580566
0.3155829906463623
0.30756378173828125
0.36099815368652344
0.31090688705444336
0.30499815940856934
0.3050055503845215
0.2969939708709717
0.30648326873779297
0.300199031829834
0.25908422470092773
0.3061978816986084
0.335892915725708
0.3360447883605957
0.28707194328308105
0.2953605651855469
0.311321496963501
0.3407759666442871
