0.013998270034790039
0.00600123405456543
0.0069997310638427734
0.006998777389526367
0.007997274398803711
0.0019981861114501953
0.02700066566467285
0.005997419357299805
0.012008190155029297
0.0010006427764892578
0.01699209213256836
0.0020127296447753906
0.004000663757324219
0.09200096130371094
0.0390012264251709
0.0009992122650146484
0.0029997825622558594
0.003960371017456055
0.0010013580322265625
0.003991127014160156
0.01698446273803711
0.003000497817993164
0.00299835205078125
0.003000020980834961
0.01700115203857422
0.0020008087158203125
0.0020096302032470703
0.008993387222290039
0.014996767044067383
0.008980751037597656
0.004011392593383789
0.0020012855529785156
0.002989530563354492
0.011986017227172852
0.0029993057250976562
0.004999399185180664
0.0020112991333007812
0.006996870040893555
0.007998466491699219
0.044486284255981445
0.015987873077392578
0.0030274391174316406
0.013002157211303711
0.018997669219970703
0.015999555587768555
0.0029997825622558594
0.008989095687866211
0.01000213623046875
0.03401494026184082
0.003989696502685547
0.0029993057250976562
0.01000070571899414
0.014997005462646484
0.0030105113983154297
0.007001399993896484
0.01700115203857422
0.021001100540161133
0.005009174346923828
0.01397705078125
0.01600027084350586
0.007978677749633789
0.004001140594482422
0.0030155181884765625
0.008997678756713867
0.014013051986694336
0.008001565933227539
0.014984130859375
0.012999296188354492
0.03501081466674805
0.005999565124511719
0.016332149505615234
0.006996631622314453
0.003000020980834961
0.015999317169189453
0.03651905059814453
0.03299856185913086
0.004998683929443359
0.02199864387512207
0.004000186920166016
0.019000768661499023
0.010526180267333984
0.004999399185180664
0.006003618240356445
0.009000539779663086
0.0350031852722168
0.012004375457763672
0.006002187728881836
0.016997098922729492
0.03599953651428223
0.02500152587890625
0.0030112266540527344
0.008998632431030273
0.007004499435424805
0.019011735916137695
0.0030040740966796875
0.006992340087890625
0.0030019283294677734
0.009995698928833008
0.023999452590942383
0.009000539779663086
0.00499272346496582
0.0040013790130615234
0.01900005340576172
0.003999948501586914
0.015000343322753906
0.027987241744995117
0.006997108459472656
0.005997657775878906
0.032000064849853516
0.002001047134399414
0.0019989013671875
0.015987396240234375
0.007016897201538086
0.013000011444091797
0.009000301361083984
0.0030167102813720703
0.008000373840332031
0.0029990673065185547
0.004992246627807617
0.00399470329284668
0.006003141403198242
0.005998134613037109
0.015006780624389648
0.006002664566040039
0.005994081497192383
0.0019996166229248047
0.0009832382202148438
0.007999181747436523
0.01400446891784668
0.008984565734863281
0.007997751235961914
0.0030014514923095703
0.016994953155517578
0.022010087966918945
0.0030012130737304688
0.005002260208129883
0.0009996891021728516
0.02501654624938965
0.002983570098876953
0.006982326507568359
0.014016151428222656
0.0049877166748046875
0.003996610641479492
0.00714421272277832
0.002990245819091797
0.007999897003173828
0.0059964656829833984
0.001996278762817383
0.013987064361572266
0.010006427764892578
0.012001752853393555
0.03198885917663574
0.0039997100830078125
0.0060024261474609375
0.001993417739868164
0.01001739501953125
0.0029993057250976562
0.002997159957885742
0.003998279571533203
0.0029888153076171875
0.006997346878051758
0.004987955093383789
0.011999845504760742
0.004012107849121094
0.013995885848999023
0.005998849868774414
0.0010001659393310547
0.005000114440917969
0.01998424530029297
0.009987115859985352
0.009984016418457031
0.01100611686706543
0.012996912002563477
0.028998374938964844
0.0070002079010009766
0.0040013790130615234
0.008990287780761719
0.0050013065338134766
0.044972896575927734
0.003012418746948242
0.0020020008087158203
0.004995822906494141
0.00999903678894043
0.013002157211303711
0.004995822906494141
0.001999378204345703
0.0020134449005126953
0.0029883384704589844
0.003999948501586914
0.0240020751953125
0.024010181427001953
0.002998828887939453
0.0070116519927978516
0.004014730453491211
0.0060007572174072266
0.012980461120605469
0.00999140739440918
0.009992599487304688
0.003017425537109375
0.005008220672607422
0.00599980354309082
0.003000497817993164
0.004999399185180664
0.00400090217590332
0.005998849868774414
0.004998207092285156
0.012000083923339844
0.006999492645263672
0.007000446319580078
0.007998943328857422
0.005998373031616211
0.0029981136322021484
0.014021635055541992
0.0020132064819335938
0.009002685546875
0.007018566131591797
0.0060024261474609375
0.02100086212158203
0.0030202865600585938
0.023975849151611328
0.012987375259399414
0.0029973983764648438
0.010007619857788086
0.009024620056152344
0.00400996208190918
0.009004592895507812
0.01198434829711914
0.0029985904693603516
0.003997325897216797
0.04600119590759277
0.009010791778564453
0.007999897003173828
0.008995771408081055
0.004998683929443359
0.0020017623901367188
0.015995264053344727
0.012009859085083008
0.004999399185180664
0.001001596450805664
0.018970489501953125
0.001983642578125
0.010004758834838867
0.0029990673065185547
0.004018545150756836
0.0029981136322021484
0.005977153778076172
0.011978387832641602
0.018973588943481445
0.005997657775878906
0.016588449478149414
0.01599907875061035
0.021000146865844727
0.006990671157836914
0.059987783432006836
0.006000041961669922
0.0059947967529296875
0.002000093460083008
0.025027036666870117
0.008985042572021484
0.00698089599609375
0.00799870491027832
0.0060002803802490234
0.004000186920166016
0.022988080978393555
0.0060214996337890625
0.007990598678588867
0.009020328521728516
0.002000093460083008
0.016011953353881836
0.01799917221069336
0.0019996166229248047
0.006999969482421875
0.002997875213623047
0.005999565124511719
0.0019996166229248047
0.0019998550415039062
0.005982637405395508
0.002999544143676758
0.016004323959350586
0.02701091766357422
0.0030176639556884766
0.003999471664428711
0.0059969425201416016
0.011996746063232422
0.022984743118286133
0.006989240646362305
0.0039865970611572266
0.014997243881225586
0.0310060977935791
0.009547710418701172
0.00799560546875
0.004012107849121094
0.025002479553222656
0.0020155906677246094
0.006989240646362305
0.010993003845214844
0.006997346878051758
0.0050122737884521484
0.013997554779052734
0.020016908645629883
0.016999483108520508
0.0030012130737304688
0.0070002079010009766
0.002986431121826172
0.0019905567169189453
0.005998373031616211
0.011001110076904297
0.0029981136322021484
0.0029990673065185547
0.004000663757324219
0.024001359939575195
0.012999773025512695
0.003000497817993164
0.008998632431030273
0.0059986114501953125
0.006986141204833984
0.003000020980834961
0.005016326904296875
0.0039825439453125
0.00799870491027832
0.0029990673065185547
0.003995418548583984
0.008998394012451172
0.0049991607666015625
0.02353811264038086
0.013998985290527344
0.009996414184570312
0.012995243072509766
0.00298309326171875
0.002998828887939453
0.01700282096862793
0.004988431930541992
0.011983633041381836
0.01599407196044922
0.003000974655151367
0.0049860477447509766
0.003998994827270508
0.008013486862182617
0.0060007572174072266
0.008000373840332031
0.015007495880126953
0.005011081695556641
0.0060122013092041016
0.004999637603759766
0.011011362075805664
0.003015756607055664
0.003999471664428711
0.004984617233276367
0.009984254837036133
0.013002634048461914
0.019999027252197266
0.00699925422668457
0.019999980926513672
0.006999492645263672
0.007016181945800781
0.005000591278076172
0.013988256454467773
0.018994569778442383
0.0029942989349365234
0.004000663757324219
0.005002021789550781
0.0039975643157958984
0.0020051002502441406
0.005999565124511719
0.0010149478912353516
0.006002902984619141
0.0070149898529052734
0.018995285034179688
0.01599740982055664
0.007010221481323242
0.01202702522277832
0.010015249252319336
0.0019996166229248047
0.013000011444091797
0.028019428253173828
0.008999347686767578
0.005001544952392578
0.004003047943115234
0.003008604049682617
0.013000011444091797
0.010999679565429688
0.002997159957885742
0.017007112503051758
0.010999202728271484
0.003989458084106445
0.007996559143066406
0.003995180130004883
0.0070040225982666016
0.004985332489013672
0.0019969940185546875
0.004007577896118164
0.005978822708129883
0.0029990673065185547
0.005991935729980469
0.0060007572174072266
0.003999471664428711
0.007001161575317383
0.005011796951293945
0.006016254425048828
0.003985166549682617
0.006000041961669922
0.009997367858886719
0.003992557525634766
0.012000083923339844
0.0022826194763183594
0.006999492645263672
0.006000518798828125
0.010997772216796875
0.010001420974731445
0.003003358840942383
0.0029816627502441406
0.006999015808105469
0.019001483917236328
0.025000333786010742
0.007992029190063477
0.005999565124511719
0.011999130249023438
0.0029811859130859375
0.006002902984619141
0.00400233268737793
0.005999326705932617
0.03599977493286133
0.002011537551879883
0.0030012130737304688
0.003996610641479492
0.007001161575317383
0.004000186920166016
0.0029993057250976562
0.016000986099243164
0.010003328323364258
0.012998342514038086
0.00599980354309082
0.022010087966918945
0.010011911392211914
0.003999948501586914
0.010981559753417969
0.04798769950866699
0.001997232437133789
0.00499725341796875
0.018999338150024414
0.01100015640258789
0.007013559341430664
0.006002664566040039
0.006002664566040039
0.002000093460083008
0.004998922348022461
0.0060024261474609375
0.0040130615234375
0.014997720718383789
0.01451873779296875
0.007985591888427734
0.00600433349609375
0.007018089294433594
0.006002187728881836
0.000997781753540039
0.015000104904174805
0.01299142837524414
0.013000726699829102
0.003984928131103516
0.007988452911376953
0.00700068473815918
0.002997875213623047
0.007003307342529297
0.008011102676391602
0.006005287170410156
0.03299999237060547
0.0029888153076171875
0.0030040740966796875
0.004999876022338867
0.00899958610534668
0.014001846313476562
0.004999399185180664
0.006994962692260742
0.005998849868774414
0.011003494262695312
0.00298309326171875
0.009999990463256836
0.004998922348022461
0.006002187728881836
0.006998777389526367
0.006001710891723633
0.14099860191345215
0.007002830505371094
0.0020017623901367188
0.02400064468383789
0.007995367050170898
0.037000417709350586
0.018997669219970703
0.0030090808868408203
0.008013486862182617
0.010986089706420898
0.005014181137084961
0.0050051212310791016
0.014009475708007812
0.006008625030517578
0.01799798011779785
0.007998943328857422
0.03651881217956543
0.01600027084350586
