0.009002923965454102
0.0035190582275390625
0.004998922348022461
0.005001544952392578
0.006001472473144531
0.001998424530029297
0.018002986907958984
0.006001472473144531
0.00600123405456543
0.0
0.011988639831542969
0.0009846687316894531
0.001998424530029297
0.07899951934814453
0.031000852584838867
0.0009946823120117188
0.002998828887939453
0.001989126205444336
0.0009999275207519531
0.001999378204345703
0.01800060272216797
0.001999378204345703
0.0020012855529785156
0.003000020980834961
0.0110015869140625
0.0019998550415039062
0.00099945068359375
0.005015134811401367
0.008000850677490234
0.0049936771392822266
0.00399327278137207
0.0019996166229248047
0.0010023117065429688
0.012000083923339844
0.0010006427764892578
0.00400233268737793
0.0009868144989013672
0.005979061126708984
0.010003805160522461
0.04600119590759277
0.005999088287353516
0.0019927024841308594
0.01698899269104004
0.009000778198242188
0.013000011444091797
0.002997875213623047
0.0030028820037841797
0.008012771606445312
0.023000001907348633
0.003000497817993164
0.0009996891021728516
0.005998373031616211
0.014021158218383789
0.00099945068359375
0.00597381591796875
0.01902914047241211
0.011001110076904297
0.0039997100830078125
0.003000020980834961
0.007999181747436523
0.0039997100830078125
0.0049970149993896484
0.0009999275207519531
0.0040073394775390625
0.01599860191345215
0.0019807815551757812
0.022000789642333984
0.013016462326049805
0.020001649856567383
0.003000974655151367
0.01199960708618164
0.002999544143676758
0.002019643783569336
0.005994558334350586
0.030001401901245117
0.016998291015625
0.0029976367950439453
0.01300191879272461
0.0019996166229248047
0.0060002803802490234
0.008000612258911133
0.0019991397857666016
0.0019998550415039062
0.005001544952392578
0.025000333786010742
0.006998777389526367
0.002002716064453125
0.015003681182861328
0.014995098114013672
0.008001565933227539
0.0020029544830322266
0.010000228881835938
0.0019969940185546875
0.015985965728759766
0.0019986629486083984
0.0029985904693603516
0.0019981861114501953
0.010004281997680664
0.01199650764465332
0.006999969482421875
0.0029990673065185547
0.0019996166229248047
0.018998384475708008
0.0029973983764648438
0.013018131256103516
0.013005971908569336
0.0050008296966552734
0.0060007572174072266
0.012997627258300781
0.0009996891021728516
0.0010113716125488281
0.0059969425201416016
0.005016803741455078
0.006018161773681641
0.0070111751556396484
0.001998424530029297
0.007973670959472656
0.0010170936584472656
0.002997159957885742
0.0010004043579101562
0.00398564338684082
0.0019960403442382812
0.010017156600952148
0.0019986629486083984
0.0029981136322021484
0.0020101070404052734
0.0009987354278564453
0.003000020980834961
0.02000141143798828
0.004979372024536133
0.008003473281860352
0.004997730255126953
0.01000213623046875
0.017001628875732422
0.0029909610748291016
0.002004861831665039
0.0
0.027984142303466797
0.002013683319091797
0.003000020980834961
0.017999649047851562
0.004983663558959961
0.004020214080810547
0.002998828887939453
0.0010020732879638672
0.00602269172668457
0.007000923156738281
0.0010006427764892578
0.014579534530639648
0.003998517990112305
0.0060007572174072266
0.022998809814453125
0.001997232437133789
0.002017974853515625
0.0009999275207519531
0.011998891830444336
0.001001596450805664
0.0010020732879638672
0.0009984970092773438
0.0029990673065185547
0.004987001419067383
0.00799417495727539
0.011001110076904297
0.0030012130737304688
0.009017229080200195
0.006003856658935547
0.0009999275207519531
0.0029952526092529297
0.006017446517944336
0.0070018768310546875
0.009999752044677734
0.00899505615234375
0.008015155792236328
0.010988712310791016
0.001998424530029297
0.004000186920166016
0.00299835205078125
0.0029838085174560547
0.021012067794799805
0.0009984970092773438
0.0009982585906982422
0.0030112266540527344
0.004998207092285156
0.009014606475830078
0.0019986629486083984
0.00099945068359375
0.0019989013671875
0.001998424530029297
0.0020017623901367188
0.01199650764465332
0.005002260208129883
0.002997875213623047
0.0030145645141601562
0.0030128955841064453
0.0020017623901367188
0.00501251220703125
0.004998922348022461
0.005998373031616211
0.0019965171813964844
0.003998517990112305
0.002999544143676758
0.0030007362365722656
0.0030188560485839844
0.0010042190551757812
0.006014585494995117
0.0049800872802734375
0.007998228073120117
0.003999948501586914
0.008999824523925781
0.007997989654541016
0.002996683120727539
0.0009989738464355469
0.010022878646850586
0.0010004043579101562
0.0030057430267333984
0.004998683929443359
0.0030126571655273438
0.018994569778442383
0.001997709274291992
0.009981870651245117
0.007999420166015625
0.001994609832763672
0.004015207290649414
0.004995822906494141
0.004001617431640625
0.005998849868774414
0.009994983673095703
0.0009882450103759766
0.004011631011962891
0.01799798011779785
0.0069828033447265625
0.004015922546386719
0.008998870849609375
0.001999378204345703
0.004015922546386719
0.02201557159423828
0.011015653610229492
0.006001710891723633
0.0009999275207519531
0.006998538970947266
0.0020008087158203125
0.006002664566040039
0.0019927024841308594
0.002973318099975586
0.003976345062255859
0.0010006427764892578
0.005571603775024414
0.0069942474365234375
0.00400090217590332
0.004998207092285156
0.009999513626098633
0.006003379821777344
0.000988006591796875
0.036998748779296875
0.0019969940185546875
0.013999462127685547
0.003003835678100586
0.0060007572174072266
0.009985923767089844
0.006978511810302734
0.0059967041015625
0.0039980411529541016
0.0019998550415039062
0.012985706329345703
0.001997709274291992
0.011003494262695312
0.004993438720703125
0.003998756408691406
0.022984981536865234
0.013997077941894531
0.0009999275207519531
0.005999565124511719
0.00398707389831543
0.0029973983764648438
0.0009999275207519531
0.0019979476928710938
0.002012014389038086
0.00199127197265625
0.009000539779663086
0.016000032424926758
0.0029761791229248047
0.002998828887939453
0.002996683120727539
0.0059871673583984375
0.014997005462646484
0.001998424530029297
0.002006053924560547
0.008002281188964844
0.016000032424926758
0.009997367858886719
0.0020062923431396484
0.001999378204345703
0.007031917572021484
0.0019905567169189453
0.004988193511962891
0.009016990661621094
0.0030052661895751953
0.004992246627807617
0.0060002803802490234
0.03581404685974121
0.011999130249023438
0.002000093460083008
0.001983165740966797
0.002997875213623047
0.0009856224060058594
0.0050013065338134766
0.0039806365966796875
0.0019960403442382812
0.002998828887939453
0.0009992122650146484
0.013005256652832031
0.00899648666381836
0.00201416015625
0.005003452301025391
0.0030024051666259766
0.007003068923950195
0.0010142326354980469
0.005965471267700195
0.001999378204345703
0.0059967041015625
0.0009989738464355469
0.0009996891021728516
0.008997201919555664
0.0029993057250976562
0.012014150619506836
0.010981559753417969
0.009012460708618164
0.010001182556152344
0.0030150413513183594
0.0010008811950683594
0.006996870040893555
0.001987457275390625
0.007993936538696289
0.007987260818481445
0.003998517990112305
0.0030014514923095703
0.0019845962524414062
0.0070154666900634766
0.002995014190673828
0.006014585494995117
0.011001825332641602
0.0029981136322021484
0.0029833316802978516
0.002980947494506836
0.007987499237060547
0.0019989013671875
0.002008676528930664
0.0019996166229248047
0.01598525047302246
0.0049970149993896484
0.010963916778564453
0.003997087478637695
0.011001825332641602
0.007999897003173828
0.004988431930541992
0.003000020980834961
0.01088094711303711
0.025000572204589844
0.003994941711425781
0.004012346267700195
0.003025531768798828
0.0030121803283691406
0.0019986629486083984
0.004000186920166016
0.0010001659393310547
0.0029969215393066406
0.00500035285949707
0.006999492645263672
0.011018514633178711
0.001997709274291992
0.0069882869720458984
0.0030088424682617188
0.0019741058349609375
0.007016420364379883
0.016996383666992188
0.002001523971557617
0.0029964447021484375
0.003997325897216797
0.0009989738464355469
0.006006479263305664
0.0070171356201171875
0.0029823780059814453
0.009000539779663086
0.007994651794433594
0.002019166946411133
0.004007577896118164
0.001982450485229492
0.003988027572631836
0.006020784378051758
0.0009996891021728516
0.004997968673706055
0.003993988037109375
0.0020046234130859375
0.001984119415283203
0.004000425338745117
0.0030031204223632812
0.002003908157348633
0.001001119613647461
0.004990339279174805
0.0030007362365722656
0.005004405975341797
0.006998538970947266
0.002000093460083008
0.010999917984008789
0.003001689910888672
0.0019989013671875
0.0030014514923095703
0.007005214691162109
0.006001949310302734
0.0029993057250976562
0.001998424530029297
0.003998994827270508
0.011999845504760742
0.04099845886230469
0.0049953460693359375
0.005001544952392578
0.008003711700439453
0.0009829998016357422
0.003012418746948242
0.0030035972595214844
0.006000041961669922
0.017983198165893555
0.001003265380859375
0.002997875213623047
0.002996206283569336
0.001998424530029297
0.0009996891021728516
0.0019986629486083984
0.00999903678894043
0.009000539779663086
0.007997274398803711
0.003984928131103516
0.01500082015991211
0.00901031494140625
0.001983642578125
0.010000228881835938
0.04298758506774902
0.0
0.00399470329284668
0.009983301162719727
0.004999399185180664
0.00499725341796875
0.003985404968261719
0.0020148754119873047
0.0010037422180175781
0.0030095577239990234
0.004000663757324219
0.0010020732879638672
0.01099538803100586
0.009998559951782227
0.00599980354309082
0.003999471664428711
0.003994464874267578
0.003997802734375
0.0009984970092773438
0.007983922958374023
0.004987001419067383
0.011003732681274414
0.003020048141479492
0.003999233245849609
0.0070400238037109375
0.001998424530029297
0.0019981861114501953
0.004000186920166016
0.000997304916381836
0.016999006271362305
0.002002239227294922
0.003001689910888672
0.0030007362365722656
0.00499725341796875
0.01000070571899414
0.003999471664428711
0.005998134613037109
0.0050013065338134766
0.011519670486450195
0.0019974708557128906
0.006006479263305664
0.0019812583923339844
0.006994724273681641
0.006997823715209961
0.005999565124511719
0.11252117156982422
0.002998828887939453
0.0009996891021728516
0.01900029182434082
0.004990339279174805
0.0219881534576416
0.01500082015991211
0.0010006427764892578
0.006992816925048828
0.006013154983520508
0.0030257701873779297
0.0030012130737304688
0.011985063552856445
0.006003856658935547
0.013004541397094727
0.007921934127807617
0.017996788024902344
0.015000581741333008
