0.002001047134399414
0.0019991397857666016
0.002000093460083008
0.0019991397857666016
0.0020012855529785156
0.0010042190551757812
0.006000995635986328
0.0019991397857666016
0.0010008811950683594
0.00099945068359375
0.003025531768798828
0.0
0.0009996891021728516
0.01499795913696289
0.009999990463256836
0.0
0.0009982585906982422
0.0010077953338623047
0.0010132789611816406
0.00099945068359375
0.005997657775878906
0.0
0.000997304916381836
0.0009999275207519531
0.0030012130737304688
0.0009868144989013672
0.0010004043579101562
0.0019989013671875
0.003001689910888672
0.0019807815551757812
0.0010035037994384766
0.0
0.000997781753540039
0.005001544952392578
0.0010001659393310547
0.0009980201721191406
0.0010123252868652344
0.002000570297241211
0.0019989013671875
0.004000663757324219
0.0030002593994140625
0.0010006427764892578
0.0060002803802490234
0.0019998550415039062
0.003017902374267578
0.001001119613647461
0.00201416015625
0.0020055770874023438
0.0040111541748046875
0.0010023117065429688
0.0009999275207519531
0.0009965896606445312
0.0019998550415039062
0.0010001659393310547
0.0010247230529785156
0.0039975643157958984
0.0019991397857666016
0.0009801387786865234
0.001998424530029297
0.0020003318786621094
0.00099945068359375
0.001003265380859375
0.0
0.0010004043579101562
0.004001617431640625
0.0010166168212890625
0.006000041961669922
0.003000497817993164
0.009001016616821289
0.0009965896606445312
0.0029802322387695312
0.0010001659393310547
0.0
0.0019989013671875
0.007997989654541016
0.00500035285949707
0.0009989738464355469
0.0029993057250976562
0.0
0.0019991397857666016
0.001996755599975586
0.0010006427764892578
0.0
0.001001119613647461
0.0070002079010009766
0.002001523971557617
0.0019974708557128906
0.004998922348022461
0.006999969482421875
0.003999233245849609
0.0009996891021728516
0.004000186920166016
0.0010173320770263672
0.003999471664428711
0.001009225845336914
0.001001596450805664
0.0010001659393310547
0.0019996166229248047
0.0020012855529785156
0.002000093460083008
0.0
0.0010001659393310547
0.003999948501586914
0.0
0.0029990673065185547
0.002000093460083008
0.00099945068359375
0.0010006427764892578
0.003998517990112305
0.0
0.0009889602661132812
0.003002166748046875
0.0019989013671875
0.0019996166229248047
0.0030050277709960938
0.0009996891021728516
0.002000093460083008
0.0009829998016357422
0.0010008811950683594
0.0009984970092773438
0.0010161399841308594
0.0010006427764892578
0.0019996166229248047
0.0009996891021728516
0.001996278762817383
0.0010013580322265625
0.0
0.0009980201721191406
0.003000974655151367
0.0010001659393310547
0.0019979476928710938
0.001978635787963867
0.0020008087158203125
0.0030126571655273438
0.0
0.0010001659393310547
0.0
0.007984399795532227
0.0009856224060058594
0.0010001659393310547
0.003999948501586914
0.0
0.0009996891021728516
0.0
0.0
0.0019829273223876953
0.0020003318786621094
0.0010008811950683594
0.004984140396118164
0.001001119613647461
0.002000093460083008
0.0050013065338134766
0.0010013580322265625
0.0009975433349609375
0.0
0.004000663757324219
0.0009980201721191406
0.0009984970092773438
0.0
0.0
0.0019989013671875
0.0020072460174560547
0.002000093460083008
0.0010020732879638672
0.001999378204345703
0.0009996891021728516
0.0
0.0009965896606445312
0.002001047134399414
0.000997781753540039
0.0009965896606445312
0.0009984970092773438
0.002985239028930664
0.0039997100830078125
0.0010001659393310547
0.0009999275207519531
0.00099945068359375
0.0009982585906982422
0.005987644195556641
0.0010001659393310547
0.0010039806365966797
0.0010035037994384766
0.0019991397857666016
0.0019979476928710938
0.0010006427764892578
0.0
0.0
0.0
0.0
0.004003286361694336
0.001994609832763672
0.0010006427764892578
0.0030024051666259766
0.0009999275207519531
0.0009999275207519531
0.0020020008087158203
0.0020148754119873047
0.0020036697387695312
0.0
0.0009982585906982422
0.0
0.0009996891021728516
0.000980377197265625
0.0
0.0010013580322265625
0.0010104179382324219
0.0029990673065185547
0.001001596450805664
0.003000020980834961
0.0019998550415039062
0.0
0.0010001659393310547
0.005004405975341797
0.0
0.0
0.0019941329956054688
0.001005411148071289
0.005997180938720703
0.0009992122650146484
0.0030074119567871094
0.002023935317993164
0.0010008811950683594
0.001995563507080078
0.0009958744049072266
0.002002716064453125
0.0020110607147216797
0.002000093460083008
0.0
0.0010004043579101562
0.004000425338745117
0.0009980201721191406
0.0010023117065429688
0.001001596450805664
0.0
0.002002239227294922
0.006002902984619141
0.003984928131103516
0.0009996891021728516
0.0
0.001973867416381836
0.0
0.0019998550415039062
0.0
0.001999378204345703
0.0020225048065185547
0.0010106563568115234
0.00200653076171875
0.0030002593994140625
0.0019931793212890625
0.0019991397857666016
0.003999471664428711
0.0019991397857666016
0.0010018348693847656
0.010990142822265625
0.001997709274291992
0.004747867584228516
0.0010004043579101562
0.0010116100311279297
0.0029990673065185547
0.0020008087158203125
0.002000093460083008
0.0009996891021728516
0.0010025501251220703
0.00301361083984375
0.0010001659393310547
0.002998828887939453
0.0019989013671875
0.0010008811950683594
0.004014492034912109
0.005999326705932617
0.0
0.0020003318786621094
0.0
0.000997304916381836
0.0010004043579101562
0.0
0.0009989738464355469
0.000997781753540039
0.0010008811950683594
0.004009246826171875
0.002027750015258789
0.0010151863098144531
0.0009999275207519531
0.0010004043579101562
0.004001140594482422
0.0010006427764892578
0.0009980201721191406
0.0020003318786621094
0.0030007362365722656
0.00400543212890625
0.0010044574737548828
0.0010132789611816406
0.0019979476928710938
0.0009989738464355469
0.0020203590393066406
0.003000497817993164
0.0009860992431640625
0.0010082721710205078
0.0009982585906982422
0.010981082916259766
0.00400233268737793
0.0009832382202148438
0.0010159015655517578
0.0
0.001016855239868164
0.0010001659393310547
0.0020203590393066406
0.0010066032409667969
0.0010006427764892578
0.0
0.002999544143676758
0.003003835678100586
0.0
0.001998424530029297
0.0009987354278564453
0.0009984970092773438
0.000986337661743164
0.004027605056762695
0.0
0.003002166748046875
0.0009999275207519531
0.0
0.003002166748046875
0.0019986629486083984
0.002986431121826172
0.0030145645141601562
0.0019991397857666016
0.0009999275207519531
0.0
0.0
0.0019998550415039062
0.0009999275207519531
0.0020020008087158203
0.0030167102813720703
0.0010030269622802734
0.000993967056274414
0.0009937286376953125
0.0009834766387939453
0.0010001659393310547
0.001997232437133789
0.002991914749145508
0.0009992122650146484
0.0010166168212890625
0.0009992122650146484
0.001998424530029297
0.0
0.0010004043579101562
0.0009992122650146484
0.005984783172607422
0.0020008087158203125
0.0030333995819091797
0.0010001659393310547
0.0029993057250976562
0.002999544143676758
0.0009992122650146484
0.0010180473327636719
0.004002094268798828
0.0059986114501953125
0.0
0.004002809524536133
0.0009915828704833984
0.001001119613647461
0.0
0.0009996891021728516
0.0
0.0010004043579101562
0.0009999275207519531
0.0010001659393310547
0.003000020980834961
0.0010023117065429688
0.0020084381103515625
0.000997781753540039
0.0
0.001987934112548828
0.00299835205078125
0.0
0.0009984970092773438
0.0020012855529785156
0.001020193099975586
0.00099945068359375
0.001983642578125
0.0
0.0020029544830322266
0.0029993057250976562
0.000997304916381836
0.0009949207305908203
0.0009999275207519531
0.0010132789611816406
0.002004861831665039
0.0009989738464355469
0.002000093460083008
0.0010046958923339844
0.0009965896606445312
0.0009989738464355469
0.0010132789611816406
0.0009989738464355469
0.001993894577026367
0.0009984970092773438
0.0009989738464355469
0.0
0.002002239227294922
0.00099945068359375
0.0010030269622802734
0.0019986629486083984
0.0010004043579101562
0.0009996891021728516
0.0010013580322265625
0.001996278762817383
0.0029993057250976562
0.001001119613647461
0.0
0.0019991397857666016
0.0019998550415039062
0.00500035285949707
0.0009870529174804688
0.0019989013671875
0.0010001659393310547
0.0009999275207519531
0.0010006427764892578
0.0009987354278564453
0.0010004043579101562
0.0065348148345947266
0.0009987354278564453
0.0009963512420654297
0.002001047134399414
0.0010023117065429688
0.0010001659393310547
0.0
0.002999544143676758
0.0030002593994140625
0.004002094268798828
0.0009996891021728516
0.005001544952392578
0.002984285354614258
0.0010154247283935547
0.0019943714141845703
0.00701594352722168
0.00099945068359375
0.0010039806365966797
0.0020008087158203125
0.0010006427764892578
0.001993894577026367
0.0010073184967041016
0.0009968280792236328
0.0
0.000989675521850586
0.000997781753540039
0.0009982585906982422
0.003004312515258789
0.003000974655151367
0.0009996891021728516
0.0009999275207519531
0.0010035037994384766
0.0020017623901367188
0.0
0.0030167102813720703
0.0009989738464355469
0.001999378204345703
0.0009989738464355469
0.002999544143676758
0.0020089149475097656
0.0010170936584472656
0.0
0.0010035037994384766
0.0010035037994384766
0.007998228073120117
0.0009968280792236328
0.0
0.0010156631469726562
0.002001047134399414
0.0019998550415039062
0.0020055770874023438
0.0025267601013183594
0.0009999275207519531
0.003998994827270508
0.0
0.002000093460083008
0.0010154247283935547
0.0019979476928710938
0.001999378204345703
0.001004934310913086
0.028052330017089844
0.0010008811950683594
0.0009810924530029297
0.004000186920166016
0.0010006427764892578
0.004015207290649414
0.002000570297241211
0.0009987354278564453
0.0020051002502441406
0.0020024776458740234
0.0009801387786865234
0.0010006427764892578
0.002543926239013672
0.0009992122650146484
0.00599980354309082
0.001996278762817383
0.004003047943115234
0.0050048828125
