0.6266219615936279
0.645205020904541
0.6510887145996094
0.6649994850158691
0.6189985275268555
0.6009981632232666
0.8089985847473145
0.6279988288879395
0.6420016288757324
0.5849997997283936
0.6558899879455566
0.6432876586914062
0.6199979782104492
0.9919993877410889
0.7619991302490234
0.6190004348754883
0.6309709548950195
0.5849475860595703
0.604895830154419
0.6272475719451904
0.8281548023223877
0.5399911403656006
0.5939962863922119
0.6159465312957764
0.6884570121765137
0.6350717544555664
0.5599312782287598
0.6131296157836914
0.6685104370117188
0.7515096664428711
0.6079721450805664
0.6738622188568115
0.6410212516784668
0.674999475479126
0.5678133964538574
0.6016063690185547
0.609342098236084
0.5964517593383789
0.6049902439117432
0.7751204967498779
0.6384680271148682
0.6471974849700928
0.7079236507415771
0.6151676177978516
0.644233226776123
0.6214990615844727
0.6032686233520508
0.6725621223449707
0.6821475028991699
0.624222993850708
0.6082477569580078
0.6030242443084717
0.6319839954376221
0.6947617530822754
0.6362552642822266
0.646420955657959
0.6608974933624268
0.6293947696685791
0.5881412029266357
0.620408296585083
0.6521975994110107
0.6217577457427979
0.6226170063018799
0.6344296932220459
0.6735608577728271
0.6077213287353516
0.9640171527862549
0.6330370903015137
0.679013729095459
0.595123291015625
0.6370713710784912
0.6569702625274658
0.6540112495422363
0.6607556343078613
0.7495191097259521
0.7170326709747314
0.6640443801879883
0.6689538955688477
0.5730032920837402
0.6345176696777344
0.6570801734924316
0.5779976844787598
0.6190037727355957
0.6850740909576416
0.7060794830322266
0.6435658931732178
0.6450023651123047
0.6520447731018066
0.7100427150726318
0.6915574073791504
0.6169099807739258
0.6351337432861328
0.5762789249420166
0.6513454914093018
0.5903775691986084
0.5897860527038574
0.6096200942993164
0.6077098846435547
0.6766366958618164
0.6915173530578613
0.616511344909668
0.595073938369751
0.7321338653564453
0.6043481826782227
0.7121217250823975
0.6683125495910645
0.6250622272491455
0.6057183742523193
0.7098832130432129
0.5359766483306885
0.5755395889282227
0.6626589298248291
0.632331132888794
0.6121106147766113
0.6124880313873291
0.6260466575622559
0.6847689151763916
0.6480660438537598
0.6230044364929199
0.605820894241333
0.6055541038513184
0.58748459815979
0.6496577262878418
0.6755499839782715
0.5960767269134521
0.556020975112915
0.607011079788208
0.723393440246582
0.6341564655303955
0.5894649028778076
0.6378250122070312
0.6523909568786621
0.6627428531646729
0.6818711757659912
0.6214694976806641
0.5969176292419434
0.6241393089294434
0.7274765968322754
0.6035010814666748
0.778186559677124
0.6340594291687012
0.6427185535430908
0.6475958824157715
0.6073729991912842
0.6050398349761963
0.6221578121185303
0.641751766204834
0.7010979652404785
0.6442215442657471
0.5833942890167236
0.6287801265716553
0.893195390701294
0.5969810485839844
0.6119892597198486
0.6310274600982666
0.6811156272888184
0.6101419925689697
0.5957834720611572
0.6226215362548828
0.5624427795410156
0.6102404594421387
0.6347625255584717
0.6582229137420654
0.6236317157745361
0.7360870838165283
0.6760165691375732
0.5956051349639893
0.5664622783660889
0.6461355686187744
0.6059474945068359
0.6788630485534668
0.6268751621246338
0.6469690799713135
0.6374082565307617
0.6248142719268799
0.6440019607543945
0.6102321147918701
0.6099567413330078
0.846083402633667
0.6191871166229248
0.5788576602935791
0.6137456893920898
0.5963134765625
0.597186803817749
0.6364023685455322
0.5705184936523438
0.6122279167175293
0.5583019256591797
0.6010103225708008
0.6930172443389893
0.6330275535583496
0.6128675937652588
0.5967724323272705
1.4795875549316406
0.642052173614502
0.8059031963348389
0.6710391044616699
0.621788501739502
0.592914342880249
0.5588524341583252
0.5951142311096191
0.6283509731292725
0.7195103168487549
0.6092214584350586
0.7763350009918213
0.6129758358001709
0.6088666915893555
0.6494050025939941
0.6476919651031494
0.6249599456787109
0.6168556213378906
0.6342566013336182
0.7316892147064209
0.7898256778717041
0.5772931575775146
0.6176502704620361
0.6004114151000977
0.7070183753967285
0.5851588249206543
0.6566035747528076
0.6363165378570557
0.641803503036499
0.6591107845306396
0.5952568054199219
0.6035258769989014
0.6298422813415527
0.6283657550811768
0.598151683807373
0.6023948192596436
0.6604433059692383
0.5888240337371826
0.5943620204925537
0.6454010009765625
0.5843636989593506
0.572972297668457
0.707075834274292
0.6230180263519287
0.641054630279541
0.6036827564239502
0.6690938472747803
0.6441171169281006
0.6208810806274414
0.6203041076660156
0.6708211898803711
0.6458747386932373
0.5569689273834229
0.6426234245300293
0.6461949348449707
0.6005187034606934
0.6251788139343262
0.6194806098937988
0.6019344329833984
0.5924956798553467
0.7856142520904541
0.5811910629272461
0.6138408184051514
0.5957546234130859
0.6180922985076904
0.6374516487121582
0.6363422870635986
0.6645896434783936
0.5850143432617188
0.6417288780212402
0.6620478630065918
0.5580043792724609
0.6648166179656982
0.6012611389160156
0.550727128982544
0.6469190120697021
0.6121089458465576
0.663461446762085
0.6387782096862793
0.6530478000640869
0.6451311111450195
0.7968833446502686
0.5674042701721191
0.6181230545043945
0.5569558143615723
0.6286399364471436
0.6608529090881348
0.6283187866210938
0.6017048358917236
0.6266026496887207
0.641467809677124
0.6682932376861572
0.6410641670227051
0.6125457286834717
0.685199499130249
0.7277896404266357
0.7544894218444824
0.6114327907562256
0.6515734195709229
0.6552994251251221
0.6165189743041992
0.609827995300293
0.6531374454498291
0.6155171394348145
0.5894827842712402
0.6168429851531982
0.8220455646514893
0.6809000968933105
0.6346733570098877
0.6270592212677002
0.6041083335876465
0.64725661277771
0.5931558609008789
0.6277275085449219
0.5660324096679688
0.5689995288848877
0.606999397277832
0.6429975032806396
0.6749978065490723
0.6102180480957031
0.6310303211212158
0.6216576099395752
0.6199676990509033
0.6342740058898926
0.6817307472229004
0.6363680362701416
0.6386318206787109
0.6009528636932373
0.6266984939575195
0.5944051742553711
0.6053071022033691
0.6180722713470459
0.6495013236999512
0.6551022529602051
0.6209793090820312
0.6162831783294678
0.6556618213653564
0.6239345073699951
0.6284027099609375
0.7778875827789307
0.6866800785064697
0.7276127338409424
0.5696365833282471
0.6108779907226562
0.6282415390014648
0.5720863342285156
0.6358010768890381
0.6338996887207031
0.6384396553039551
0.5780632495880127
0.5915877819061279
0.6578435897827148
0.6002473831176758
0.6031434535980225
0.6033804416656494
0.6622264385223389
0.6371300220489502
0.6120471954345703
0.6776747703552246
0.6330914497375488
0.6277968883514404
0.6688723564147949
0.5919830799102783
0.6759941577911377
0.6995530128479004
0.5973482131958008
0.573857307434082
0.6469101905822754
0.616640567779541
0.6101686954498291
0.5861496925354004
0.6000664234161377
0.6264421939849854
0.6083984375
0.6468746662139893
0.6470773220062256
0.6028506755828857
0.616091251373291
0.6163382530212402
0.6225118637084961
0.6413953304290771
0.7130889892578125
0.5906581878662109
0.6261806488037109
0.6489646434783936
0.6227397918701172
0.6652097702026367
0.5926377773284912
0.5925965309143066
0.628648042678833
0.584038257598877
0.6315567493438721
0.6192405223846436
0.6103396415710449
0.602081298828125
0.5987870693206787
0.6160283088684082
0.6008315086364746
0.6203434467315674
1.5167782306671143
0.5980479717254639
0.6216471195220947
0.5905914306640625
0.5777895450592041
0.5984179973602295
0.6350522041320801
0.5830521583557129
0.5986487865447998
0.6422512531280518
0.5897438526153564
0.630061149597168
0.6392865180969238
0.6204237937927246
0.6551003456115723
0.6720201969146729
0.6229994297027588
0.6020164489746094
0.593940019607544
0.6022932529449463
0.7630019187927246
0.6780085563659668
0.600776195526123
0.6900436878204346
0.6199884414672852
0.5986597537994385
0.6092972755432129
0.5830440521240234
0.6535618305206299
0.7018756866455078
0.5875639915466309
0.5538842678070068
0.6039702892303467
0.627338171005249
0.6649985313415527
0.616734504699707
0.7611141204833984
0.559833288192749
0.6231908798217773
0.6404194831848145
0.6567342281341553
0.6044185161590576
0.7701072692871094
0.6342251300811768
0.701082706451416
0.6268689632415771
0.6001060009002686
0.6131875514984131
0.6268901824951172
0.5967228412628174
0.6128420829772949
0.5922653675079346
0.6580390930175781
0.6902027130126953
0.5845797061920166
0.6270301342010498
0.6764953136444092
0.7061996459960938
0.6231284141540527
0.6035909652709961
0.8003280162811279
0.5968372821807861
0.5339953899383545
0.6038084030151367
0.5936458110809326
0.5863580703735352
0.5999941825866699
0.6053626537322998
0.5945041179656982
0.605076789855957
0.6141080856323242
0.5811061859130859
0.6112794876098633
0.6403508186340332
0.6226100921630859
0.6050996780395508
0.5604910850524902
0.5891532897949219
0.6326038837432861
0.6179659366607666
0.635368824005127
0.6206047534942627
0.6256265640258789
0.5991790294647217
0.6395080089569092
0.5821182727813721
0.611518144607544
0.6064190864562988
0.5750975608825684
1.0263144969940186
0.6046707630157471
0.6024622917175293
0.7305202484130859
0.650963544845581
0.6838984489440918
0.6340079307556152
0.6100010871887207
0.6252212524414062
0.6337401866912842
0.5821268558502197
0.5908958911895752
0.6697742938995361
0.6692607402801514
0.6282522678375244
0.6112737655639648
0.6658353805541992
0.7056891918182373
