0.2920706272125244
0.31755971908569336
0.3230876922607422
0.31200146675109863
0.29599905014038086
0.29999804496765137
0.3079986572265625
0.2960026264190674
0.309999942779541
0.28600096702575684
0.2940864562988281
0.3229677677154541
0.3179972171783447
0.30499958992004395
0.3110015392303467
0.29700279235839844
0.2890031337738037
0.28894972801208496
0.29283714294433594
0.3179934024810791
0.29764318466186523
0.2639915943145752
0.2910029888153076
0.3069608211517334
0.30899882316589355
0.3099997043609619
0.2917044162750244
0.3101332187652588
0.30164265632629395
0.3146231174468994
0.30313682556152344
0.3258647918701172
0.30499982833862305
0.2999858856201172
0.2839944362640381
0.31115055084228516
0.2983579635620117
0.27520251274108887
0.30199551582336426
0.2910001277923584
0.2984635829925537
0.32721710205078125
0.3278963565826416
0.2730560302734375
0.2866804599761963
0.2989997863769531
0.285416841506958
0.311572790145874
0.30390071868896484
0.3083047866821289
0.2920866012573242
0.30802369117736816
0.30898571014404297
0.28798770904541016
0.32471513748168945
0.29131293296813965
0.30812644958496094
0.31400179862976074
0.2762410640716553
0.2888495922088623
0.31600069999694824
0.3217582702636719
0.29358649253845215
0.2981128692626953
0.33268165588378906
0.30562376976013184
0.4759986400604248
0.29407334327697754
0.30464887619018555
0.2930316925048828
0.3053436279296875
0.35199522972106934
0.31000781059265137
0.29122495651245117
0.30399608612060547
0.3295173645019531
0.34303879737854004
0.3008742332458496
0.2799983024597168
0.30051589012145996
0.3050374984741211
0.28999924659729004
0.3190000057220459
0.3520395755767822
0.285520076751709
0.2775235176086426
0.31000351905822754
0.29804491996765137
0.2965235710144043
0.3020012378692627
0.2899928092956543
0.3080596923828125
0.2781963348388672
0.29811596870422363
0.31218886375427246
0.28862428665161133
0.29528093338012695
0.31371116638183594
0.3298342227935791
0.28600001335144043
0.29859328269958496
0.27799296379089355
0.3190901279449463
0.27601027488708496
0.30922794342041016
0.30165863037109375
0.29599618911743164
0.288651704788208
0.3039102554321289
0.2637934684753418
0.2844376564025879
0.30146288871765137
0.28931546211242676
0.2761082649230957
0.28359055519104004
0.29999518394470215
0.33903002738952637
0.2900114059448242
0.31247663497924805
0.2972075939178467
0.3013927936553955
0.3005661964416504
0.31912660598754883
0.28112101554870605
0.29295969009399414
0.26009440422058105
0.3079946041107178
0.4320712089538574
0.2709994316101074
0.2695174217224121
0.2860374450683594
0.29616212844848633
0.327911376953125
0.29839110374450684
0.29497218132019043
0.2918541431427002
0.29596781730651855
0.3146984577178955
0.2899463176727295
0.28685522079467773
0.29232358932495117
0.34453415870666504
0.30494189262390137
0.2910933494567871
0.29432177543640137
0.26856160163879395
0.3109886646270752
0.3949592113494873
0.29668569564819336
0.27840375900268555
0.2949404716491699
0.31798577308654785
0.2905285358428955
0.3099827766418457
0.29560089111328125
0.30300283432006836
0.28092098236083984
0.3084983825683594
0.2810704708099365
0.2873244285583496
0.29315829277038574
0.30477046966552734
0.29980993270874023
0.2887535095214844
0.36882710456848145
0.338991641998291
0.2959768772125244
0.28240513801574707
0.2979593276977539
0.28731632232666016
0.2882685661315918
0.2937130928039551
0.27736663818359375
0.29052257537841797
0.299083948135376
0.2969985008239746
0.30278968811035156
0.3129727840423584
0.2927682399749756
0.29602646827697754
0.28499865531921387
0.2872302532196045
0.2780313491821289
0.2768707275390625
0.2671010494232178
0.27153491973876953
0.29108262062072754
0.28656482696533203
0.28897976875305176
0.3020467758178711
0.2851881980895996
0.2998223304748535
0.2870299816131592
0.3513021469116211
0.3130028247833252
0.48914599418640137
0.30040550231933594
0.2969651222229004
0.28519296646118164
0.26439642906188965
0.31802964210510254
0.3229045867919922
0.28763437271118164
0.3142421245574951
0.30196547508239746
0.2876429557800293
0.29415464401245117
0.31287407875061035
0.2991664409637451
0.302016019821167
0.3289780616760254
0.3280637264251709
0.3211517333984375
0.3243427276611328
0.2794666290283203
0.28807687759399414
0.2781527042388916
0.3206799030303955
0.2719571590423584
0.2848846912384033
0.28603458404541016
0.3280932903289795
0.3288912773132324
0.27533817291259766
0.29534339904785156
0.3144991397857666
0.2810683250427246
0.2940213680267334
0.2900550365447998
0.2737150192260742
0.2834014892578125
0.2939462661743164
0.32804012298583984
0.284898042678833
0.2818007469177246
0.3001396656036377
0.26097607612609863
0.3141171932220459
0.3203716278076172
0.32279348373413086
0.3031036853790283
0.2921769618988037
0.29799723625183105
0.35455918312072754
0.3181421756744385
0.26726460456848145
0.3079977035522461
0.28596043586730957
0.28252243995666504
0.2890005111694336
0.2909984588623047
0.2767171859741211
0.2933645248413086
0.3134748935699463
0.290114164352417
0.2751739025115967
0.29987311363220215
0.2836110591888428
0.31131577491760254
0.3228280544281006
0.33234071731567383
0.27878856658935547
0.31372570991516113
0.28714990615844727
0.2681727409362793
0.3123281002044678
0.3046433925628662
0.2686641216278076
0.29035377502441406
0.29552340507507324
0.3482933044433594
0.2860379219055176
0.3379957675933838
0.31301450729370117
0.31606173515319824
0.2832794189453125
0.32263612747192383
0.2675461769104004
0.2783982753753662
0.30402421951293945
0.30626511573791504
0.2962825298309326
0.3210625648498535
0.30333423614501953
0.2949686050415039
0.30718994140625
0.33245205879211426
0.3350205421447754
0.3121063709259033
0.3000528812408447
0.2955617904663086
0.3154428005218506
0.30288195610046387
0.31649112701416016
0.3040149211883545
0.2860844135284424
0.3049631118774414
0.2804293632507324
0.27788710594177246
0.2999246120452881
0.329390287399292
0.3169550895690918
0.29799675941467285
0.28499817848205566
0.34722352027893066
0.29304075241088867
0.3027050495147705
0.2630274295806885
0.2830026149749756
0.2970004081726074
0.28699707984924316
0.3279993534088135
0.3019998073577881
0.28403496742248535
0.28912782669067383
0.30457544326782227
0.3132319450378418
0.3652620315551758
0.2993297576904297
0.3003365993499756
0.3023264408111572
0.33037257194519043
0.2759420871734619
0.26508498191833496
0.28512072563171387
0.29598546028137207
0.3140397071838379
0.28238630294799805
0.3194124698638916
0.32677721977233887
0.2953760623931885
0.29221582412719727
0.28016066551208496
0.35206174850463867
0.3002772331237793
0.2751927375793457
0.30655717849731445
0.3180553913116455
0.29135942459106445
0.3032197952270508
0.2828848361968994
0.313002347946167
0.27202606201171875
0.2955930233001709
0.3281397819519043
0.27746129035949707
0.3050675392150879
0.30586695671081543
0.2867133617401123
0.30501437187194824
0.28066325187683105
0.3080012798309326
0.3079979419708252
0.2940654754638672
0.30007505416870117
0.29932355880737305
0.3305516242980957
0.3025386333465576
0.2940514087677002
0.2800877094268799
0.33956074714660645
0.3158836364746094
0.2871205806732178
0.2893822193145752
0.26800107955932617
0.30763745307922363
0.3241121768951416
0.31824612617492676
0.31200075149536133
0.26392531394958496
0.29403233528137207
0.27814793586730957
0.3213827610015869
0.2893695831298828
0.3133351802825928
0.2807168960571289
0.29010629653930664
0.3059983253479004
0.3255319595336914
0.3340029716491699
0.26866960525512695
0.2812175750732422
0.31055212020874023
0.2680182456970215
0.304002046585083
0.3190300464630127
0.28701019287109375
0.2950551509857178
0.3027987480163574
0.2795703411102295
0.2789902687072754
0.3017690181732178
0.3080000877380371
0.29901623725891113
0.29535627365112305
0.26137709617614746
0.27778148651123047
0.30587100982666016
0.2926661968231201
0.2759256362915039
0.2934608459472656
0.3252530097961426
0.31465792655944824
0.29202985763549805
0.32697057723999023
0.30954432487487793
0.3380622863769531
0.2980227470397949
0.28800034523010254
0.29400134086608887
0.30913519859313965
0.2832930088043213
0.36500120162963867
0.28299999237060547
0.3040018081665039
0.31800174713134766
0.3060641288757324
0.2969987392425537
0.28706932067871094
0.28897595405578613
0.3234429359436035
0.30039501190185547
0.27721142768859863
0.26784729957580566
0.2889707088470459
0.3119480609893799
0.28003382682800293
0.2791924476623535
0.288069486618042
0.2770717144012451
0.2859971523284912
0.30644655227661133
0.27991247177124023
0.2714252471923828
0.29607319831848145
0.2830164432525635
0.2910609245300293
0.33294081687927246
0.2931663990020752
0.2779874801635742
0.3020005226135254
0.29084062576293945
0.31330180168151855
0.2885584831237793
0.32500386238098145
0.32405900955200195
0.28305530548095703
0.29522204399108887
0.29078078269958496
0.32315921783447266
0.27652621269226074
0.29836273193359375
0.30390095710754395
0.285214900970459
0.25899815559387207
0.2868943214416504
0.2750742435455322
0.28264594078063965
0.27736592292785645
0.28717851638793945
0.2888453006744385
0.2904024124145508
0.2922239303588867
0.28696107864379883
0.2981095314025879
0.27225589752197266
0.2850017547607422
0.2669188976287842
0.2774021625518799
0.2693047523498535
0.28104448318481445
0.2890920639038086
0.3128647804260254
0.31542253494262695
0.2849998474121094
0.29400110244750977
0.3110315799713135
0.28552722930908203
0.2850031852722168
0.2740020751953125
0.2750833034515381
0.3726682662963867
0.2750861644744873
0.28890204429626465
0.3075218200683594
0.3190634250640869
0.3009145259857178
0.28398942947387695
0.3060002326965332
0.29373717308044434
0.30854058265686035
0.3110058307647705
0.2716865539550781
0.2955143451690674
0.31621694564819336
0.29317522048950195
0.2910149097442627
0.28100061416625977
0.3189260959625244
