0.0029954910278320312
0.0019989013671875
0.001999378204345703
0.0019953250885009766
0.0019979476928710938
0.0009951591491699219
0.0010166168212890625
0.0010001659393310547
0.0019989013671875
0.002002716064453125
0.0029990673065185547
0.001983165740966797
0.002011537551879883
0.0010001659393310547
0.0029854774475097656
0.0019943714141845703
0.0029981136322021484
0.000997781753540039
0.002021312713623047
0.0030019283294677734
0.0018084049224853516
0.002014636993408203
0.0030193328857421875
0.0019998550415039062
0.0019981861114501953
0.002000570297241211
0.005041837692260742
0.005043983459472656
0.0045354366302490234
0.00400853157043457
0.03414154052734375
0.0019996166229248047
0.003975629806518555
0.005002737045288086
0.0019860267639160156
0.0019989013671875
0.003000020980834961
0.002002716064453125
0.0020172595977783203
0.0029973983764648438
0.005998134613037109
0.0009984970092773438
0.0009989738464355469
0.0010027885437011719
0.0010001659393310547
0.0030126571655273438
0.0019996166229248047
0.00400090217590332
0.0009865760803222656
0.0020055770874023438
0.0030198097229003906
0.014002323150634766
0.0019989013671875
0.004000663757324219
0.004008293151855469
0.003996610641479492
0.003999233245849609
0.00600123405456543
0.005999565124511719
0.0049991607666015625
0.0050201416015625
0.007995843887329102
0.005970478057861328
0.005997657775878906
0.00698399543762207
0.0020096302032470703
0.001997232437133789
0.002994060516357422
0.0020012855529785156
0.003000497817993164
0.002000093460083008
0.0020017623901367188
0.00400090217590332
0.011999845504760742
0.000997781753540039
0.003998517990112305
0.00397801399230957
0.0019986629486083984
0.0009980201721191406
0.0010006427764892578
0.004988670349121094
0.0009999275207519531
0.0020003318786621094
0.0019996166229248047
0.005997896194458008
0.0010006427764892578
0.007011890411376953
0.009000062942504883
0.003976106643676758
0.0009992122650146484
0.002999544143676758
0.0009875297546386719
0.0020003318786621094
0.0050013065338134766
0.001001119613647461
0.0030007362365722656
0.00299835205078125
0.004029273986816406
0.002994537353515625
0.006000995635986328
0.005003929138183594
0.0019943714141845703
0.001998424530029297
0.0019986629486083984
0.010982990264892578
0.0019986629486083984
0.0019986629486083984
0.008016347885131836
0.0029990673065185547
0.000997304916381836
0.0020012855529785156
0.0020003318786621094
0.002000570297241211
0.0010006427764892578
0.003002643585205078
0.0020003318786621094
0.002001047134399414
0.0010159015655517578
0.0060024261474609375
0.0029795169830322266
0.005953550338745117
0.01199650764465332
0.0020017623901367188
0.008020877838134766
0.002001047134399414
0.00899505615234375
0.002000093460083008
0.002998828887939453
0.0019965171813964844
0.006001949310302734
0.006950855255126953
0.0029985904693603516
0.0019986629486083984
0.002998828887939453
0.0009958744049072266
0.003995418548583984
0.003999471664428711
0.006000995635986328
0.004967212677001953
0.006000518798828125
0.0039899349212646484
0.004996061325073242
0.006035566329956055
0.010000944137573242
0.007005453109741211
0.002000093460083008
0.006944894790649414
0.0060002803802490234
0.004999399185180664
0.004971504211425781
0.00700068473815918
0.012020349502563477
0.0060002803802490234
0.009002685546875
0.009981393814086914
0.0019998550415039062
0.003998994827270508
0.008004903793334961
0.0010006427764892578
0.0050008296966552734
0.0039958953857421875
0.0019812583923339844
0.0009992122650146484
0.0039958953857421875
0.0009999275207519531
0.0029990673065185547
0.00503230094909668
0.00701594352722168
0.003996610641479492
0.0019996166229248047
0.00397944450378418
0.0010018348693847656
0.0029990673065185547
0.0009989738464355469
0.001999378204345703
0.001998424530029297
0.0030019283294677734
0.002009868621826172
0.001998424530029297
0.0009992122650146484
0.0019910335540771484
0.006962776184082031
0.0019998550415039062
0.0029993057250976562
0.0020008087158203125
0.0019986629486083984
0.0009999275207519531
0.002002716064453125
0.0030024051666259766
0.013999462127685547
0.003998756408691406
0.005001068115234375
0.001993894577026367
0.00400090217590332
0.0019996166229248047
0.0019998550415039062
0.005986690521240234
0.0019960403442382812
0.0019989013671875
0.003000974655151367
0.00899958610534668
0.0019998550415039062
0.00500798225402832
0.003996849060058594
0.007964372634887695
0.005002021789550781
0.0030028820037841797
0.0029938220977783203
0.0010004043579101562
0.0009987354278564453
0.0050241947174072266
0.00099945068359375
0.0010001659393310547
0.012435197830200195
0.001999378204345703
0.0029931068420410156
0.004033088684082031
0.0020017623901367188
0.001001119613647461
0.003038167953491211
0.008002519607543945
0.0039865970611572266
0.001999378204345703
0.0019996166229248047
0.004994392395019531
0.009972333908081055
0.002000093460083008
0.009000301361083984
0.002995729446411133
0.00757908821105957
0.00402069091796875
0.003000020980834961
0.012953996658325195
0.0030035972595214844
0.001999378204345703
0.01998758316040039
0.013015270233154297
0.003999233245849609
0.0009946823120117188
0.004026651382446289
0.006996870040893555
0.0019998550415039062
0.003999948501586914
0.001999378204345703
0.003995180130004883
0.007974863052368164
0.002001047134399414
0.005008220672607422
0.002000093460083008
0.0029981136322021484
0.005003690719604492
0.011976480484008789
0.006000041961669922
0.0020046234130859375
0.007979393005371094
0.0050203800201416016
0.0019989013671875
0.004000663757324219
0.003022909164428711
0.0020170211791992188
0.006050825119018555
0.016028881072998047
0.014015674591064453
0.004995822906494141
0.003001689910888672
0.006006956100463867
0.007999420166015625
0.002000093460083008
0.005001544952392578
0.003999233245849609
0.004997968673706055
0.004998683929443359
0.004000186920166016
0.014033317565917969
0.0030183792114257812
0.00897359848022461
0.001999378204345703
0.001003265380859375
0.0020003318786621094
0.002003908157348633
0.001989603042602539
0.00801992416381836
0.00099945068359375
0.0019960403442382812
0.0009992122650146484
0.003000497817993164
0.002001523971557617
0.0019991397857666016
0.006000518798828125
0.00099945068359375
0.003003835678100586
0.0009996891021728516
0.0030074119567871094
0.008001565933227539
0.021997928619384766
0.0020020008087158203
0.0009989738464355469
0.00805044174194336
0.004984617233276367
0.003017902374267578
0.004014730453491211
0.00797581672668457
0.0060155391693115234
0.0020036697387695312
0.006031513214111328
0.009998559951782227
0.015049934387207031
0.010999917984008789
0.004994869232177734
0.005002021789550781
0.004999637603759766
0.004997968673706055
0.002973794937133789
0.0010008811950683594
0.0029976367950439453
0.003999471664428711
0.0029993057250976562
0.0030019283294677734
0.04999589920043945
0.027967214584350586
0.02596306800842285
0.002000093460083008
0.0040013790130615234
0.0040280818939208984
0.003999948501586914
0.0030012130737304688
0.00800180435180664
0.003996849060058594
0.007028341293334961
0.007987499237060547
0.010000228881835938
0.011023283004760742
0.015002012252807617
0.0029993057250976562
0.041996002197265625
0.005000114440917969
0.0070459842681884766
0.0029981136322021484
0.0029990673065185547
0.031976938247680664
0.004000425338745117
0.005999326705932617
0.003998756408691406
0.005000114440917969
0.004984378814697266
0.002997159957885742
0.0030002593994140625
0.006043195724487305
0.006963014602661133
0.00500035285949707
0.0029969215393066406
0.006020784378051758
0.006998777389526367
0.003998756408691406
0.00200653076171875
0.004995822906494141
0.007010221481323242
0.0019989013671875
0.001997232437133789
0.010020971298217773
0.007981538772583008
0.007973432540893555
0.0070002079010009766
0.010947704315185547
0.008999347686767578
0.006998538970947266
0.000997781753540039
0.004961729049682617
0.0040013790130615234
0.003027200698852539
0.0029993057250976562
0.0030400753021240234
0.0030176639556884766
0.0010001659393310547
0.005031108856201172
0.010003089904785156
0.008042335510253906
0.015994787216186523
0.003000020980834961
0.005999326705932617
0.0009999275207519531
0.0009987354278564453
0.008996963500976562
0.0070056915283203125
0.016927719116210938
0.0060291290283203125
0.002997875213623047
0.004000425338745117
0.0009987354278564453
0.0030007362365722656
0.0009989738464355469
0.005958080291748047
0.0009953975677490234
0.0050165653228759766
0.001999378204345703
0.002998828887939453
0.010996580123901367
0.003970146179199219
0.006003618240356445
0.006005525588989258
0.004012584686279297
0.003968000411987305
0.010971784591674805
0.002000093460083008
0.008042097091674805
0.0029993057250976562
0.0009818077087402344
0.002000093460083008
0.0030007362365722656
0.004996061325073242
0.006024837493896484
0.0049936771392822266
0.013026952743530273
0.0019981861114501953
0.0030002593994140625
0.0009992122650146484
0.004015922546386719
0.035001277923583984
0.0020017623901367188
0.0019986629486083984
0.009974956512451172
0.0029990673065185547
0.002000570297241211
0.01095271110534668
0.006030082702636719
0.0030012130737304688
0.0019843578338623047
0.017989635467529297
0.004000186920166016
0.0029985904693603516
0.00700068473815918
0.005041360855102539
0.007561922073364258
0.003000974655151367
0.053963422775268555
0.0010020732879638672
0.005998849868774414
0.005003213882446289
0.004972219467163086
0.005977153778076172
0.003998756408691406
0.03599715232849121
0.001999378204345703
0.0019998550415039062
0.0050394535064697266
0.017367839813232422
0.007967710494995117
0.0010008811950683594
0.001999378204345703
0.00800323486328125
0.003976345062255859
0.008018016815185547
0.0019996166229248047
0.003015756607055664
0.0020198822021484375
0.004999637603759766
0.00400090217590332
0.002992391586303711
0.0019974708557128906
0.002997875213623047
0.0030024051666259766
0.0029973983764648438
0.0020017623901367188
0.007996320724487305
0.0030319690704345703
0.003025531768798828
0.0050313472747802734
0.00600886344909668
0.002001047134399414
0.005000591278076172
0.03167223930358887
0.003980159759521484
0.002012014389038086
0.0010166168212890625
0.001985311508178711
0.014024019241333008
0.004006862640380859
0.004001617431640625
0.0020008087158203125
0.0019998550415039062
0.011960506439208984
0.002998828887939453
0.0020172595977783203
0.013999462127685547
0.007002830505371094
0.0020093917846679688
0.004000425338745117
0.002002239227294922
0.0029993057250976562
0.0020017623901367188
0.0050008296966552734
0.0029990673065185547
0.0020012855529785156
0.003000020980834961
0.002998828887939453
0.0019969940185546875
0.0029990673065185547
0.002002716064453125
0.005001068115234375
0.0029981136322021484
