0.001001119613647461
0.0
0.0
0.0
0.001992464065551758
0.0
0.0010004043579101562
0.0
0.001001596450805664
0.0010004043579101562
0.0010013580322265625
0.0009980201721191406
0.0009839534759521484
0.0
0.0
0.0
0.0
0.0010008811950683594
0.0
0.0
0.0
0.0009992122650146484
0.0009984970092773438
0.001382589340209961
0.001003265380859375
0.001024007797241211
0.0009989738464355469
0.0
0.001999378204345703
0.00099945068359375
0.005999565124511719
0.0019965171813964844
0.0010006427764892578
0.0010008811950683594
0.0010132789611816406
0.0009996891021728516
0.0009996891021728516
0.0
0.0010006427764892578
0.0
0.001001119613647461
0.0009996891021728516
0.0009999275207519531
0.0009737014770507812
0.001008749008178711
0.0019834041595458984
0.0
0.0010008811950683594
0.0
0.0009763240814208984
0.0010004043579101562
0.0020003318786621094
0.0009834766387939453
0.0
0.0
0.0
0.002004861831665039
0.0009996891021728516
0.001001119613647461
0.0020036697387695312
0.00099945068359375
0.001001596450805664
0.003993988037109375
0.0
0.0010001659393310547
0.002009868621826172
0.0010001659393310547
0.0
0.0
0.0019998550415039062
0.0010008811950683594
0.0
0.0010044574737548828
0.0020029544830322266
0.0
0.0019876956939697266
0.0010001659393310547
0.0
0.0010142326354980469
0.0
0.0010008811950683594
0.0
0.0010001659393310547
0.0
0.0
0.0010080337524414062
0.0
0.0010006427764892578
0.0010013580322265625
0.0009984970092773438
0.0
0.0
0.0
0.0010027885437011719
0.0009999275207519531
0.0009756088256835938
0.0009984970092773438
0.0
0.0009992122650146484
0.0019948482513427734
0.0010192394256591797
0.0
0.0009784698486328125
0.00099945068359375
0.001001119613647461
0.0009987354278564453
0.0009751319885253906
0.0020215511322021484
0.0010027885437011719
0.001003265380859375
0.0010001659393310547
0.0010004043579101562
0.0
0.00099945068359375
0.0
0.0009992122650146484
0.0010001659393310547
0.0
0.0009992122650146484
0.0010204315185546875
0.0009987354278564453
0.001001596450805664
0.0010399818420410156
0.0
0.0009992122650146484
0.0
0.001003265380859375
0.0020036697387695312
0.0010008811950683594
0.0010013580322265625
0.0
0.00200653076171875
0.0020029544830322266
0.0009987354278564453
0.0009992122650146484
0.0009992122650146484
0.0009968280792236328
0.0030014514923095703
0.00099945068359375
0.0
0.0010004043579101562
0.0010008811950683594
0.0010001659393310547
0.0020318031311035156
0.0019481182098388672
0.0009708404541015625
0.001001119613647461
0.0019655227661132812
0.002992868423461914
0.000978708267211914
0.004026889801025391
0.0020029544830322266
0.0010001659393310547
0.001974821090698242
0.0020024776458740234
0.0010025501251220703
0.00099945068359375
0.0
0.0010197162628173828
0.0010030269622802734
0.0019996166229248047
0.0
0.0009996891021728516
0.001001596450805664
0.0009999275207519531
0.000993967056274414
0.0010008811950683594
0.0010006427764892578
0.0009984970092773438
0.001003265380859375
0.0010001659393310547
0.0010013580322265625
0.0009999275207519531
0.002056598663330078
0.0
0.0
0.0
0.0010035037994384766
0.0
0.0
0.0
0.0
0.0009999275207519531
0.0
0.0
0.0010037422180175781
0.0009989738464355469
0.0
0.0009980201721191406
0.0020017623901367188
0.0009989738464355469
0.0020008087158203125
0.0010008811950683594
0.0
0.0009660720825195312
0.0030059814453125
0.001999378204345703
0.0009996891021728516
0.0009965896606445312
0.0
0.003022432327270508
0.0
0.0010199546813964844
0.0010037422180175781
0.0009999275207519531
0.0009799003601074219
0.0
0.0009989738464355469
0.0009987354278564453
0.0
0.0009932518005371094
0.0
0.0
0.002000093460083008
0.0010001659393310547
0.0010302066802978516
0.0009968280792236328
0.0
0.001020193099975586
0.0010013580322265625
0.0010209083557128906
0.0
0.0
0.0020248889923095703
0.002002716064453125
0.001001119613647461
0.0
0.0029611587524414062
0.002002239227294922
0.001001119613647461
0.0
0.0010020732879638672
0.002003908157348633
0.0010008811950683594
0.0009992122650146484
0.003968715667724609
0.0020003318786621094
0.0009999275207519531
0.0010044574737548828
0.0020225048065185547
0.0020017623901367188
0.0010001659393310547
0.0009984970092773438
0.000978231430053711
0.0030410289764404297
0.0009999275207519531
0.0009725093841552734
0.0
0.0
0.0010156631469726562
0.0010013580322265625
0.0029702186584472656
0.0010190010070800781
0.0
0.0009760856628417969
0.0
0.0019986629486083984
0.0009996891021728516
0.0009865760803222656
0.0010030269622802734
0.0
0.002001523971557617
0.0030269622802734375
0.0009999275207519531
0.0
0.0010006427764892578
0.0010037422180175781
0.003019094467163086
0.0009918212890625
0.0010001659393310547
0.0010046958923339844
0.0030019283294677734
0.0010027885437011719
0.003034830093383789
0.0009627342224121094
0.0010004043579101562
0.0009975433349609375
0.0
0.0009958744049072266
0.002996683120727539
0.0
0.0010025501251220703
0.0
0.0
0.0
0.0
0.0010013580322265625
0.0
0.0
0.0
0.0009999275207519531
0.0
0.0009989738464355469
0.0029990673065185547
0.004001140594482422
0.0020322799682617188
0.00099945068359375
0.0010061264038085938
0.0009982585906982422
0.0009992122650146484
0.0009951591491699219
0.0009999275207519531
0.0009996891021728516
0.0009999275207519531
0.001001596450805664
0.002018451690673828
0.0019998550415039062
0.0009992122650146484
0.0020008087158203125
0.0009999275207519531
0.0010006427764892578
0.0029976367950439453
0.0
0.0
0.0009999275207519531
0.0
0.0009989738464355469
0.0009982585906982422
0.0049896240234375
0.005001068115234375
0.0010020732879638672
0.0009982585906982422
0.004000425338745117
0.0010006427764892578
0.0010023117065429688
0.0010004043579101562
0.0010006427764892578
0.0029997825622558594
0.0010004043579101562
0.0009992122650146484
0.0019996166229248047
0.0
0.0009870529174804688
0.0
0.001981973648071289
0.0009987354278564453
0.0010006427764892578
0.0010006427764892578
0.0010001659393310547
0.0010023117065429688
0.0009999275207519531
0.0
0.00099945068359375
0.0
0.0009987354278564453
0.002000093460083008
0.0020246505737304688
0.0009996891021728516
0.0
0.0019922256469726562
0.0
0.0010073184967041016
0.0
0.0
0.0010023117065429688
0.0
0.0
0.0009996891021728516
0.0010135173797607422
0.0020003318786621094
0.001974821090698242
0.004006385803222656
0.0
0.0010020732879638672
0.0010018348693847656
0.0009999275207519531
0.00099945068359375
0.0020008087158203125
0.0
0.0019969940185546875
0.0010330677032470703
0.002007007598876953
0.001001596450805664
0.0
0.0019996166229248047
0.0009720325469970703
0.0019986629486083984
0.0009996891021728516
0.0009980201721191406
0.0020003318786621094
0.0
0.0009946823120117188
0.001999378204345703
0.0029976367950439453
0.0010018348693847656
0.0010004043579101562
0.0010013580322265625
0.0010006427764892578
0.0
0.0009999275207519531
0.0029649734497070312
0.0010318756103515625
0.0
0.0020020008087158203
0.0
0.0010001659393310547
0.0009989738464355469
0.0010020732879638672
0.0
0.0
0.0
0.002001047134399414
0.0010066032409667969
0.0
0.002000570297241211
0.0
0.0
0.0009992122650146484
0.0009999275207519531
0.001990795135498047
0.0020291805267333984
0.001003265380859375
0.0020003318786621094
0.0010004043579101562
0.001001119613647461
0.0
0.0009989738464355469
0.003002166748046875
0.0
0.0010006427764892578
0.007002592086791992
0.0
0.0
0.0010209083557128906
0.0010085105895996094
0.0010004043579101562
0.0
0.001970052719116211
0.0
0.0010306835174560547
0.0009865760803222656
0.0010020732879638672
0.0020003318786621094
0.0009980201721191406
0.016980886459350586
0.0009806156158447266
0.0010006427764892578
0.0
0.0010209083557128906
0.0009996891021728516
0.0010006427764892578
0.0069806575775146484
0.0009968280792236328
0.0009999275207519531
0.0009999275207519531
0.0010004043579101562
0.006002664566040039
0.0
0.0009832382202148438
0.0010013580322265625
0.0009524822235107422
0.0009984970092773438
0.0010039806365966797
0.000997781753540039
0.0010039806365966797
0.0010027885437011719
0.0030002593994140625
0.0009989738464355469
0.0030035972595214844
0.001001119613647461
0.0009989738464355469
0.0
0.0
0.0009989738464355469
0.0010018348693847656
0.0
0.0
0.0010039806365966797
0.0
0.0029878616333007812
0.0020079612731933594
0.0010042190551757812
0.0010004043579101562
0.0010004043579101562
0.0010001659393310547
0.001018524169921875
0.0009989738464355469
0.0010004043579101562
0.0
0.0010006427764892578
0.003039121627807617
0.0010082721710205078
0.0009911060333251953
0.0030012130737304688
0.0009984970092773438
0.0
0.00099945068359375
0.0009992122650146484
0.0
0.0
0.001001596450805664
0.000997304916381836
0.0
0.0
0.0
0.0
0.0
0.001997232437133789
0.0020008087158203125
0.0
