0.0
0.0
0.0
0.0
0.002000570297241211
0.001001119613647461
0.0010013580322265625
0.0010001659393310547
0.0009996891021728516
0.0
0.0009999275207519531
0.0
0.001001596450805664
0.0010175704956054688
0.0
0.0009999275207519531
0.00101470947265625
0.0010001659393310547
0.0
0.0
0.0010013580322265625
0.0
0.0
0.0
0.0009989738464355469
0.001001596450805664
0.0009996891021728516
0.0009999275207519531
0.0
0.0
0.0009999275207519531
0.00099945068359375
0.0
0.0
0.001008749008178711
0.0010008811950683594
0.0
0.0
0.0009965896606445312
0.0
0.001999378204345703
0.0
0.0
0.000993490219116211
0.0
0.0020036697387695312
0.0
0.0009992122650146484
0.0
0.0029795169830322266
0.0
0.0010001659393310547
0.0009975433349609375
0.0020012855529785156
0.0
0.0009996891021728516
0.0010132789611816406
0.0009989738464355469
0.0
0.0009992122650146484
0.001001119613647461
0.00099945068359375
0.0
0.0009989738464355469
0.0
0.0
0.0
0.0009903907775878906
0.0
0.0030028820037841797
0.0009949207305908203
0.0
0.0020003318786621094
0.0010001659393310547
0.0
0.0
0.0
0.0
0.0
0.0010097026824951172
0.0
0.0010001659393310547
0.0
0.0
0.0
0.0
0.0
0.002011537551879883
0.0009999275207519531
0.0010156631469726562
0.0009999275207519531
0.0
0.0
0.0
0.0010075569152832031
0.0
0.00098419189453125
0.0
0.0
0.0009827613830566406
0.001003265380859375
0.0010273456573486328
0.0009713172912597656
0.0010051727294921875
0.001004934310913086
0.0009996891021728516
0.0
0.0
0.0
0.0010025501251220703
0.0
0.00099945068359375
0.0010035037994384766
0.0009987354278564453
0.0
0.000995635986328125
0.0009784698486328125
0.0
0.0010006427764892578
0.0
0.0
0.0009999275207519531
0.0009996891021728516
0.0
0.0
0.0010006427764892578
0.0010018348693847656
0.0009970664978027344
0.0010013580322265625
0.0009961128234863281
0.0
0.0010006427764892578
0.0
0.0010006427764892578
0.0010001659393310547
0.0
0.0010001659393310547
0.0009944438934326172
0.000997781753540039
0.0010006427764892578
0.004000186920166016
0.0
0.0
0.00099945068359375
0.0
0.0
0.0
0.0
0.0
0.0
0.0
0.0009999275207519531
0.0010044574737548828
0.0010001659393310547
0.0010018348693847656
0.0010120868682861328
0.0
0.0
0.0
0.0010001659393310547
0.003000497817993164
0.0010006427764892578
0.0
0.0
0.0
0.0
0.0009989738464355469
0.0
0.0010006427764892578
0.0
0.0
0.0
0.0
0.0
0.0009999275207519531
0.0010030269622802734
0.0
0.0
0.0009942054748535156
0.0010004043579101562
0.0009989738464355469
0.001001596450805664
0.0009899139404296875
0.001001119613647461
0.0010221004486083984
0.0010211467742919922
0.0
0.0
0.0010006427764892578
0.0
0.0009989738464355469
0.0020017623901367188
0.0
0.0010001659393310547
0.0010039806365966797
0.0010001659393310547
0.0009837150573730469
0.0010006427764892578
0.0
0.0
0.001001119613647461
0.0
0.0009999275207519531
0.0
0.0009958744049072266
0.004000425338745117
0.0
0.0010020732879638672
0.0009989738464355469
0.0
0.0010004043579101562
0.0
0.0
0.0
0.0
0.0009996891021728516
0.0
0.0
0.0009860992431640625
0.0009980201721191406
0.0
0.0009996891021728516
0.0
0.0
0.0
0.0
0.0010001659393310547
0.0
0.0020012855529785156
0.0010004043579101562
0.0010213851928710938
0.0
0.002001047134399414
0.0009980201721191406
0.00099945068359375
0.0010020732879638672
0.001980304718017578
0.0010001659393310547
0.0010182857513427734
0.0010006427764892578
0.0009768009185791016
0.0010035037994384766
0.0009992122650146484
0.0
0.0010006427764892578
0.00101470947265625
0.0
0.0010013580322265625
0.0009860992431640625
0.0010004043579101562
0.001001119613647461
0.0019843578338623047
0.0
0.0
0.0
0.0
0.0
0.00099945068359375
0.001024484634399414
0.0010023117065429688
0.0
0.0010204315185546875
0.0009989738464355469
0.0
0.0009999275207519531
0.0
0.001001596450805664
0.0
0.0009987354278564453
0.0
0.0
0.0
0.0010008811950683594
0.0010001659393310547
0.0010175704956054688
0.0
0.0009999275207519531
0.0
0.0
0.0
0.0
0.0
0.0010001659393310547
0.001020193099975586
0.0
0.0009996891021728516
0.0010001659393310547
0.0
0.0010051727294921875
0.0009968280792236328
0.0009796619415283203
0.0009996891021728516
0.000997304916381836
0.0010001659393310547
0.0
0.000982046127319336
0.0
0.0
0.0
0.0
0.0019788742065429688
0.0
0.0009882450103759766
0.0019996166229248047
0.0
0.0019998550415039062
0.0009815692901611328
0.0
0.0
0.0
0.0
0.0010166168212890625
0.0
0.0
0.0019822120666503906
0.0
0.0010004043579101562
0.0
0.0010035037994384766
0.0030167102813720703
0.0
0.0010001659393310547
0.0
0.0
0.0010173320770263672
0.0
0.002001047134399414
0.0009999275207519531
0.0010001659393310547
0.0009992122650146484
0.0010008811950683594
0.0009992122650146484
0.0009992122650146484
0.0
0.00197601318359375
0.0010001659393310547
0.0010001659393310547
0.0010006427764892578
0.0
0.001001119613647461
0.0010001659393310547
0.0
0.0010008811950683594
0.0
0.0
0.0010018348693847656
0.0
0.0
0.0
0.00099945068359375
0.0
0.001001596450805664
0.0009999275207519531
0.0
0.0
0.0
0.0
0.0
0.0
0.0019998550415039062
0.0
0.0
0.0
0.0
0.0
0.0
0.0
0.0
0.0010001659393310547
0.00099945068359375
0.0
0.0
0.00099945068359375
0.0
0.000993967056274414
0.0010027885437011719
0.0
0.0
0.0
0.007980585098266602
0.0
0.0009996891021728516
0.0
0.0
0.0010001659393310547
0.0
0.0010013580322265625
0.0010018348693847656
0.0
0.0
0.0010008811950683594
0.0
0.0
0.0
0.0
0.0010001659393310547
0.003012418746948242
0.0
0.0010004043579101562
0.0
0.0010287761688232422
0.0
0.0010018348693847656
0.0
0.0
0.0
0.0
0.0
0.001001596450805664
0.002001523971557617
0.0
0.0
0.0010161399841308594
0.0010006427764892578
0.0010192394256591797
0.0010001659393310547
0.0
0.001983165740966797
0.0010023117065429688
0.0010025501251220703
0.0010159015655517578
0.001001119613647461
0.0
0.0
0.0009996891021728516
0.0
0.0010006427764892578
0.0
0.0009846687316894531
0.0
0.0
0.0010008811950683594
0.0
0.0
0.0010044574737548828
0.0
0.0
0.0009999275207519531
0.0
0.0
0.0
0.0009992122650146484
0.0
0.0
0.0010020732879638672
0.0
0.0009860992431640625
0.0
0.0
0.001001596450805664
0.0010008811950683594
0.0009999275207519531
0.0
0.0010170936584472656
0.0
0.0010006427764892578
0.0009996891021728516
0.0
0.0
0.0009992122650146484
0.0
0.0010175704956054688
0.0
0.0010023117065429688
0.0009999275207519531
0.0
0.0
0.0
0.0009992122650146484
0.0
0.001001596450805664
0.0
0.0009968280792236328
0.001001596450805664
0.0
0.0
0.0
0.0
0.0
0.0
0.0010018348693847656
0.0
0.0
0.002019166946411133
0.0
0.0010020732879638672
0.0010013580322265625
0.0
0.000985860824584961
0.0009992122650146484
0.001001119613647461
0.0009925365447998047
0.0
0.000997304916381836
0.0
0.0009996891021728516
0.0
0.0
0.0019981861114501953
0.0
