0.003000497817993164
0.011000633239746094
0.018001079559326172
0.018999099731445312
0.048999786376953125
0.012002944946289062
0.003998994827270508
0.013999700546264648
0.006006956100463867
0.013978242874145508
0.020999908447265625
0.011995553970336914
0.02000260353088379
0.005995035171508789
0.01399374008178711
0.008996009826660156
0.008999347686767578
0.007998943328857422
0.014000415802001953
0.013953208923339844
0.0231626033782959
0.019014835357666016
0.013836860656738281
0.020708322525024414
0.009999275207519531
0.011750221252441406
0.009000062942504883
0.007001161575317383
0.014980077743530273
0.018011808395385742
0.08501386642456055
0.03705549240112305
0.015999794006347656
0.0060002803802490234
0.021999359130859375
0.013000249862670898
0.07899904251098633
0.01201319694519043
0.021002531051635742
0.004000186920166016
0.15698957443237305
0.015997648239135742
0.0050144195556640625
0.01300668716430664
0.012017011642456055
0.04199957847595215
0.012014150619506836
0.007016181945800781
0.005997657775878906
0.03200054168701172
0.010999917984008789
0.05901193618774414
0.003991842269897461
0.012984514236450195
0.011002063751220703
0.015006065368652344
0.015987157821655273
0.053035736083984375
0.009999752044677734
0.04199719429016113
0.00999903678894043
0.017008066177368164
0.03701472282409668
0.026997804641723633
0.012999534606933594
0.012997150421142578
0.00799870491027832
0.008008718490600586
0.013999462127685547
0.02399897575378418
0.00900578498840332
0.006001710891723633
0.06601881980895996
0.05600428581237793
0.011001110076904297
0.006999969482421875
0.0039997100830078125
0.007998943328857422
0.02599644660949707
0.0009958744049072266
0.007001638412475586
0.012000799179077148
0.007015228271484375
0.01600050926208496
0.01599884033203125
0.013622522354125977
0.011996746063232422
0.04698967933654785
0.04100155830383301
0.008998394012451172
0.0030171871185302734
0.008015155792236328
0.005019426345825195
0.0069963932037353516
0.024984121322631836
0.010982513427734375
0.02801680564880371
0.009987592697143555
0.012994050979614258
0.0390169620513916
0.015004396438598633
0.009993791580200195
0.02099895477294922
0.03402590751647949
0.0040018558502197266
0.003999948501586914
0.013998031616210938
0.08598971366882324
0.03100419044494629
0.018993616104125977
0.014013051986694336
0.012003898620605469
0.012997627258300781
0.016000986099243164
0.004000425338745117
0.026003599166870117
0.004004716873168945
0.01100015640258789
0.08198785781860352
0.012981891632080078
0.015018701553344727
0.01699972152709961
0.01900196075439453
0.0029993057250976562
0.008010387420654297
0.04699563980102539
0.010989665985107422
0.02100205421447754
0.010998725891113281
0.032021522521972656
0.005000591278076172
0.02099919319152832
0.015996694564819336
0.019985675811767578
0.007999658584594727
0.010999917984008789
0.02301645278930664
0.042990922927856445
0.0410003662109375
0.028998613357543945
0.027998924255371094
0.015995025634765625
0.03299880027770996
0.03400015830993652
0.025994539260864258
0.043994903564453125
0.0059947967529296875
0.015977859497070312
0.013995885848999023
0.0069828033447265625
0.14199352264404297
0.01999974250793457
0.015001058578491211
0.08699727058410645
0.012975215911865234
0.04198861122131348
0.03299832344055176
0.025998353958129883
0.006998300552368164
0.015999555587768555
0.041998863220214844
0.006980180740356445
0.009992361068725586
0.01099705696105957
0.011987686157226562
0.015002012252807617
0.016001462936401367
0.014018535614013672
0.017018556594848633
0.010994195938110352
0.004992961883544922
0.00900721549987793
0.020000696182250977
0.010997295379638672
0.020986318588256836
0.011996030807495117
0.03400015830993652
0.026011943817138672
0.014003753662109375
0.0075168609619140625
0.00900125503540039
0.01000070571899414
0.011012554168701172
0.014998674392700195
0.02099895477294922
0.009001016616821289
0.009000539779663086
0.0240020751953125
0.0429995059967041
0.021999597549438477
0.026001930236816406
0.026998281478881836
0.009999275207519531
0.06800055503845215
0.014996528625488281
0.02601790428161621
0.01801133155822754
0.054998159408569336
0.018980741500854492
0.003984928131103516
0.11599540710449219
0.025006532669067383
0.09104180335998535
0.010981559753417969
0.012005329132080078
0.0540010929107666
0.0060007572174072266
0.006995439529418945
0.006000041961669922
0.007992029190063477
0.019000530242919922
0.010985851287841797
0.0069997310638427734
0.018999338150024414
0.009998798370361328
0.0260007381439209
0.0069959163665771484
0.0049953460693359375
0.014016151428222656
0.014004945755004883
0.012001276016235352
0.01597905158996582
0.011000633239746094
0.02901315689086914
0.016998291015625
0.007992267608642578
0.00500035285949707
0.052016496658325195
0.029985904693603516
0.027998924255371094
0.024001359939575195
0.011998176574707031
0.09501218795776367
0.007004261016845703
0.009026050567626953
0.028999805450439453
0.031017541885375977
0.01600050926208496
0.01098179817199707
0.012015104293823242
0.026021480560302734
0.010994195938110352
0.017977237701416016
0.01098942756652832
0.012000083923339844
0.014998912811279297
0.010998010635375977
0.014999151229858398
0.010000228881835938
0.010000228881835938
0.009999275207519531
0.14561820030212402
0.011991500854492188
0.0019996166229248047
0.017044782638549805
0.009000301361083984
0.014985799789428711
0.01299595832824707
0.028992652893066406
0.023984432220458984
0.007999897003173828
0.01898050308227539
0.018986940383911133
0.005995988845825195
0.005016803741455078
0.012985944747924805
0.013998985290527344
0.010981082916259766
0.008997201919555664
0.02198171615600586
0.007017850875854492
0.021999835968017578
0.030999422073364258
0.02099919319152832
0.009996414184570312
0.011990547180175781
0.009000062942504883
0.0060045719146728516
0.008983612060546875
0.015013694763183594
0.010999679565429688
0.06299734115600586
0.018999814987182617
0.01698470115661621
0.018976926803588867
0.016003131866455078
0.038999080657958984
0.006999969482421875
0.003999948501586914
0.006001472473144531
0.02300405502319336
0.013999462127685547
0.029999256134033203
0.21698427200317383
0.006978034973144531
0.011990070343017578
0.01697397232055664
0.013002872467041016
0.009999275207519531
0.008001089096069336
0.010015487670898438
0.020016908645629883
0.02599930763244629
0.03798556327819824
0.004998445510864258
0.06299805641174316
0.049018144607543945
0.03899860382080078
0.012999296188354492
0.029000043869018555
0.009013175964355469
0.03197932243347168
0.009999752044677734
0.009014368057250977
0.052025556564331055
0.014987945556640625
0.009013891220092773
0.017987966537475586
0.02098226547241211
0.1509864330291748
0.015999555587768555
0.01900005340576172
0.0150146484375
0.014017581939697266
0.025978565216064453
0.01300048828125
0.03497719764709473
0.048996925354003906
0.020000457763671875
0.014002084732055664
0.03999948501586914
0.015000343322753906
0.026999711990356445
0.012998819351196289
0.0400083065032959
0.019999980926513672
0.03599977493286133
0.003034830093383789
0.01900172233581543
0.012994527816772461
0.011015653610229492
0.005998134613037109
0.029999732971191406
0.01600050926208496
0.015000104904174805
0.014985322952270508
0.012012004852294922
0.015001535415649414
0.009999752044677734
0.025997638702392578
0.012993335723876953
0.005998134613037109
0.016022205352783203
0.008997440338134766
0.015001535415649414
0.005000114440917969
0.005986452102661133
0.012996435165405273
0.05100417137145996
0.019998788833618164
0.0029973983764648438
0.05599713325500488
0.028010129928588867
0.012015104293823242
0.01197671890258789
0.03099989891052246
0.027981042861938477
0.017999649047851562
0.010979652404785156
0.02099895477294922
0.005999565124511719
0.012017250061035156
0.04601693153381348
0.014978885650634766
0.010000467300415039
0.006002187728881836
0.012998580932617188
0.021438121795654297
0.029993057250976562
0.039020538330078125
0.009999990463256836
0.014001607894897461
0.04599928855895996
0.016000747680664062
0.0609898567199707
0.013998270034790039
0.005998134613037109
0.02999424934387207
0.005975484848022461
0.022022008895874023
0.02199554443359375
0.008985519409179688
0.011000633239746094
0.02698540687561035
0.01699662208557129
0.014000415802001953
0.027984142303466797
0.01999974250793457
0.028995752334594727
0.010966062545776367
0.009994029998779297
0.014001131057739258
0.07698225975036621
0.04399752616882324
0.02799677848815918
0.009015321731567383
0.003998517990112305
0.012002229690551758
0.023984909057617188
0.17301511764526367
0.033998966217041016
0.011996030807495117
0.02099919319152832
0.020979881286621094
0.03799772262573242
0.005999565124511719
0.016509056091308594
0.02401447296142578
0.021999597549438477
0.007998466491699219
0.16898632049560547
0.020978927612304688
0.019988298416137695
0.01498270034790039
0.01100015640258789
0.009998798370361328
0.01897430419921875
0.02699899673461914
0.008015871047973633
0.0210111141204834
0.019979000091552734
0.009000301361083984
0.015999317169189453
0.023998737335205078
0.010013580322265625
0.006994724273681641
0.028001785278320312
0.011001110076904297
0.008995771408081055
0.013006448745727539
0.002001047134399414
0.49201226234436035
0.009015083312988281
0.0060002803802490234
0.00799870491027832
0.006996870040893555
0.01699995994567871
0.0089874267578125
0.006999492645263672
0.03499913215637207
0.017998695373535156
0.017995595932006836
0.021988868713378906
0.013982772827148438
0.014991044998168945
0.03401446342468262
0.017001628875732422
0.018001317977905273
0.02299809455871582
0.01999974250793457
0.08998274803161621
0.00999903678894043
0.008000373840332031
0.012997150421142578
0.010998725891113281
0.0029833316802978516
0.01399993896484375
0.004000425338745117
0.006014585494995117
0.014983654022216797
0.012002706527709961
0.00799417495727539
0.010008096694946289
0.010984420776367188
0.019985198974609375
0.012999534606933594
0.013999462127685547
0.012000083923339844
0.003000020980834961
0.003999233245849609
0.07598423957824707
0.06799006462097168
0.014011383056640625
0.022001981735229492
0.019016742706298828
0.039003610610961914
0.02299976348876953
0.015988826751708984
0.001001119613647461
0.013001203536987305
0.06399655342102051
0.016009092330932617
0.003996372222900391
0.02200460433959961
0.02599954605102539
0.009998559951782227
0.03900003433227539
0.023998737335205078
0.07600092887878418
0.004000186920166016
