0.2975163459777832
0.302046537399292
0.33800649642944336
0.31096482276916504
0.6120426654815674
0.30698728561401367
0.40404200553894043
0.4480009078979492
0.33655786514282227
0.2983112335205078
0.4892158508300781
0.3080604076385498
0.4411313533782959
0.303102970123291
0.2881309986114502
0.4790174961090088
0.3299424648284912
0.30010199546813965
0.30306386947631836
0.3220047950744629
0.3164498805999756
0.3133890628814697
0.3292059898376465
0.44435596466064453
0.3442070484161377
0.319537878036499
0.45420360565185547
0.4506378173828125
0.32586050033569336
0.3339056968688965
0.5476422309875488
0.4669532775878906
0.35685229301452637
0.31735897064208984
0.32398009300231934
0.35900235176086426
0.337050199508667
0.31853652000427246
0.4380025863647461
0.3060188293457031
0.4393346309661865
0.3366739749908447
0.3093695640563965
0.5031442642211914
0.31918811798095703
0.6115772724151611
0.4248788356781006
0.29121947288513184
0.29967570304870605
1.2280893325805664
0.3045468330383301
0.4767904281616211
0.3024733066558838
0.6239719390869141
0.3167126178741455
0.34384632110595703
0.32799267768859863
0.48780107498168945
0.4585583209991455
0.5208680629730225
0.2671840190887451
0.451413631439209
0.3365476131439209
0.4639759063720703
0.2987949848175049
0.32463860511779785
0.32199954986572266
0.30165767669677734
0.31972479820251465
0.6479556560516357
0.6160285472869873
0.32657957077026367
1.2359864711761475
0.34633541107177734
0.30933451652526855
0.29570960998535156
0.28357911109924316
0.30500030517578125
0.4402155876159668
0.3128538131713867
0.3301379680633545
0.3090023994445801
0.3440718650817871
0.30699753761291504
0.31099820137023926
0.3216688632965088
0.31264662742614746
0.6974022388458252
0.4280683994293213
0.30583953857421875
0.31516170501708984
0.2936413288116455
0.31502747535705566
0.3309042453765869
0.36045241355895996
0.4240550994873047
0.8315813541412354
0.334273099899292
0.3235793113708496
0.4612910747528076
0.4276430606842041
0.27895450592041016
0.3229532241821289
0.7895832061767578
0.32279205322265625
0.2641110420227051
0.33260083198547363
0.33962368965148926
0.4487128257751465
0.4411633014678955
0.31534457206726074
0.4234781265258789
0.34070777893066406
0.320997953414917
0.30100035667419434
0.45600056648254395
0.2889997959136963
0.2909970283508301
0.629000186920166
0.33564043045043945
0.2944159507751465
0.3176109790802002
0.31992006301879883
0.31784486770629883
0.30153322219848633
0.44381022453308105
0.46825146675109863
0.4250516891479492
0.3692281246185303
0.34195780754089355
0.33066868782043457
0.3414125442504883
0.4440779685974121
0.5112423896789551
0.31400370597839355
0.3282470703125
0.48839640617370605
0.49366068840026855
0.699613094329834
0.3209953308105469
1.8769783973693848
0.3265228271484375
0.3286609649658203
0.5281689167022705
0.6107423305511475
0.30792713165283203
0.42648935317993164
0.5017073154449463
0.3028428554534912
0.327678918838501
0.4636983871459961
0.4847719669342041
0.4835939407348633
0.3720417022705078
0.36042118072509766
0.4434375762939453
0.4657711982727051
0.5218133926391602
0.43659210205078125
0.30521059036254883
1.3742096424102783
0.3210182189941406
0.3170037269592285
0.2991302013397217
0.3142867088317871
0.33231115341186523
0.4958219528198242
0.2975494861602783
0.46885156631469727
0.31018924713134766
0.3061809539794922
0.44477248191833496
0.29999756813049316
0.3189818859100342
0.4337799549102783
0.30138731002807617
0.43709230422973633
0.3011455535888672
0.45746517181396484
0.32350635528564453
0.3410673141479492
0.34176063537597656
0.2969989776611328
0.30982470512390137
0.3477942943572998
0.3340606689453125
0.3209989070892334
0.3356897830963135
0.3210265636444092
0.46414828300476074
0.44499778747558594
0.4849996566772461
0.31599926948547363
0.5340051651000977
0.46834802627563477
0.43204331398010254
0.6774883270263672
0.45268893241882324
0.42075037956237793
0.3041501045227051
0.6240546703338623
0.3280022144317627
0.6242599487304688
0.2941000461578369
0.4552311897277832
0.4372889995574951
0.35689520835876465
0.33811402320861816
0.3290903568267822
0.2991981506347656
0.45179033279418945
0.47934436798095703
0.340970516204834
0.4764981269836426
0.29599905014038086
0.4763829708099365
0.3280203342437744
0.27220582962036133
0.33646726608276367
0.29515981674194336
0.3253633975982666
0.3366663455963135
0.33440732955932617
0.29875969886779785
0.3107123374938965
0.29102182388305664
0.3022172451019287
0.29885101318359375
0.6535913944244385
0.34829020500183105
0.501082181930542
0.3029353618621826
0.6441974639892578
0.3283576965332031
0.42722654342651367
0.6359436511993408
0.7148764133453369
0.30205321311950684
0.44127440452575684
0.32082295417785645
0.3267486095428467
0.41024112701416016
0.32411718368530273
0.3061714172363281
0.31500816345214844
0.45601534843444824
0.31165385246276855
0.33629822731018066
0.3256816864013672
0.3111855983734131
0.3074007034301758
0.6909258365631104
0.33613157272338867
0.30081605911254883
0.34992527961730957
0.3412637710571289
0.3022770881652832
0.35565900802612305
0.2872161865234375
0.32945823669433594
0.3205695152282715
0.6641504764556885
0.45210886001586914
0.43256568908691406
0.3091409206390381
0.3160068988800049
0.5181915760040283
0.3160703182220459
0.29929065704345703
0.4589684009552002
0.3419461250305176
0.43849825859069824
0.6998307704925537
0.39636826515197754
0.45426297187805176
0.42569494247436523
0.33809685707092285
0.2872922420501709
0.4497039318084717
0.4500091075897217
0.2746407985687256
0.34000062942504883
0.4506809711456299
0.4385859966278076
0.3400707244873047
0.3659629821777344
0.4756765365600586
0.28900146484375
0.3369638919830322
0.3100759983062744
0.338134765625
0.34160828590393066
0.32506680488586426
0.5190527439117432
0.30214977264404297
0.3475773334503174
0.30722904205322266
0.3285181522369385
0.32039356231689453
0.3240184783935547
0.6178150177001953
0.45536303520202637
0.4593076705932617
0.6292779445648193
0.33011317253112793
1.2199814319610596
0.6005895137786865
0.4371612071990967
0.3307361602783203
0.3048818111419678
0.3142666816711426
0.2905426025390625
0.31098437309265137
0.2982203960418701
0.7150721549987793
0.3758711814880371
0.32931971549987793
0.42363595962524414
0.504767894744873
1.8257546424865723
0.4714977741241455
0.44879579544067383
0.3321385383605957
0.3914005756378174
0.4789867401123047
0.36233949661254883
0.6045715808868408
0.5315372943878174
0.6183829307556152
0.467557430267334
0.38282322883605957
0.5228900909423828
0.5541753768920898
0.3645176887512207
0.6909494400024414
0.3025083541870117
0.2983052730560303
0.27434754371643066
0.3031198978424072
0.45497727394104004
0.28725337982177734
0.3652927875518799
0.42995285987854004
0.3059852123260498
0.29791927337646484
0.3322110176086426
0.3587462902069092
0.44780707359313965
0.32329821586608887
0.4409768581390381
0.2962830066680908
0.33344578742980957
0.44280409812927246
0.33800649642944336
0.2950022220611572
0.301835298538208
0.32314419746398926
0.28228235244750977
0.46937131881713867
0.7474098205566406
0.2991671562194824
0.4656484127044678
0.31726503372192383
0.3061668872833252
0.32970619201660156
0.46260666847229004
0.304919958114624
0.3634014129638672
0.3530242443084717
0.2957291603088379
0.3023793697357178
0.3172798156738281
0.6171259880065918
0.31066036224365234
0.2888357639312744
0.3209645748138428
0.32324934005737305
0.32638072967529297
0.32271242141723633
5.2591447830200195
0.3245546817779541
0.32245612144470215
0.45257043838500977
0.3490128517150879
0.5043623447418213
0.32293701171875
0.335925817489624
0.4421193599700928
0.2870597839355469
0.336803674697876
0.3111593723297119
0.36347270011901855
0.30707526206970215
0.2922935485839844
0.3121182918548584
0.3182377815246582
1.4616925716400146
0.34781551361083984
0.30726003646850586
0.2834787368774414
0.33501672744750977
0.3220341205596924
0.4568171501159668
0.4444854259490967
0.2977898120880127
0.29178667068481445
0.3019888401031494
0.29795098304748535
0.44749903678894043
1.0251502990722656
0.3225746154785156
0.2867100238800049
0.30396580696105957
0.3363649845123291
0.5105147361755371
0.3000319004058838
0.45566487312316895
0.7251925468444824
0.4329993724822998
0.4112396240234375
0.5782144069671631
0.31949353218078613
0.31751537322998047
0.4382786750793457
0.3362541198730469
0.3020012378692627
0.5033056735992432
0.45131993293762207
0.34798669815063477
0.4241642951965332
0.3469271659851074
0.31543493270874023
0.4436333179473877
0.31517982482910156
0.3451383113861084
0.32860326766967773
0.31395936012268066
0.35678744316101074
0.34787774085998535
0.5230300426483154
0.3264896869659424
0.45067310333251953
0.34027862548828125
0.3418257236480713
0.33887434005737305
0.3092215061187744
0.44232845306396484
0.30699682235717773
0.36467576026916504
0.4973866939544678
0.3234233856201172
0.47302985191345215
0.3124046325683594
0.431049108505249
0.473010778427124
0.4570646286010742
0.3635389804840088
0.30825161933898926
0.32529783248901367
0.31003451347351074
0.4533705711364746
0.5010507106781006
0.29808831214904785
0.4643115997314453
0.35762834548950195
0.297351598739624
0.34154844284057617
0.31163787841796875
0.3402578830718994
0.47367286682128906
0.46860241889953613
0.3203165531158447
0.30573105812072754
0.310671329498291
0.3402552604675293
0.31095051765441895
0.31824278831481934
0.45709729194641113
0.3180980682373047
0.28972482681274414
0.43288111686706543
0.4536457061767578
0.34377312660217285
0.7422695159912109
0.49824976921081543
0.4730253219604492
0.42397451400756836
0.30109357833862305
0.28946805000305176
0.32507896423339844
0.4839956760406494
0.4250009059906006
0.31999707221984863
0.4760012626647949
0.30901288986206055
0.33898138999938965
0.4958481788635254
0.3272430896759033
0.6070024967193604
0.2879984378814697
