0.006999969482421875
0.025999784469604492
0.027994155883789062
0.045999765396118164
0.1435565948486328
0.03899407386779785
0.009999990463256836
0.032997846603393555
0.014995336532592773
0.042978525161743164
0.05098366737365723
0.025017499923706055
0.04099750518798828
0.012002706527709961
0.02501201629638672
0.028013229370117188
0.020985126495361328
0.017998933792114258
0.037001609802246094
0.044959306716918945
0.04007720947265625
0.07511544227600098
0.04298138618469238
0.048618316650390625
0.05172467231750488
0.03153204917907715
0.04099869728088379
0.01999807357788086
0.044966697692871094
0.03435921669006348
0.20415115356445312
0.10022735595703125
0.028998613357543945
0.017999649047851562
0.048987388610839844
0.037998199462890625
0.15999650955200195
0.02698230743408203
0.038996219635009766
0.009000539779663086
0.22201132774353027
0.050000905990600586
0.011998176574707031
0.04199862480163574
0.037985801696777344
0.11651206016540527
0.021000385284423828
0.02299952507019043
0.014002084732055664
0.0780179500579834
0.025995731353759766
0.11393451690673828
0.030990123748779297
0.025998592376708984
0.02900075912475586
0.04697823524475098
0.03800201416015625
0.10852980613708496
0.01702284812927246
0.09299683570861816
0.02496647834777832
0.05097508430480957
0.13197755813598633
0.0855259895324707
0.040964603424072266
0.048987388610839844
0.016999244689941406
0.016999006271362305
0.042986154556274414
0.061000823974609375
0.01699209213256836
0.019022226333618164
0.20299553871154785
0.13446807861328125
0.020992517471313477
0.028015613555908203
0.00800013542175293
0.01899862289428711
0.04800677299499512
0.004000186920166016
0.015998363494873047
0.02499985694885254
0.023981571197509766
0.03200197219848633
0.04499936103820801
0.029993057250976562
0.03399825096130371
0.09701085090637207
0.09351587295532227
0.019985675811767578
0.0070018768310546875
0.031967878341674805
0.013966798782348633
0.017996788024902344
0.05401873588562012
0.04001450538635254
0.06299352645874023
0.03500962257385254
0.023975610733032227
0.09084939956665039
0.02597641944885254
0.027978897094726562
0.04102182388305664
0.06900358200073242
0.014997720718383789
0.012996435165405273
0.04199957847595215
0.16897916793823242
0.06699824333190918
0.03600287437438965
0.02697610855102539
0.03551650047302246
0.02300095558166504
0.031000614166259766
0.012998819351196289
0.06400132179260254
0.01601243019104004
0.030999183654785156
0.17802143096923828
0.04593658447265625
0.04195356369018555
0.057016611099243164
0.05797433853149414
0.005999326705932617
0.014994621276855469
0.10604166984558105
0.04100847244262695
0.06298685073852539
0.020983219146728516
0.06997489929199219
0.010997533798217773
0.05098915100097656
0.04298877716064453
0.050981998443603516
0.028980016708374023
0.036991119384765625
0.06899738311767578
0.1119687557220459
0.0870201587677002
0.06000185012817383
0.06300044059753418
0.04998183250427246
0.054999351501464844
0.09598398208618164
0.10299944877624512
0.09599637985229492
0.021999597549438477
0.05001521110534668
0.049002647399902344
0.012017488479614258
0.22702836990356445
0.040999412536621094
0.02899789810180664
0.20199871063232422
0.03800606727600098
0.09401130676269531
0.07999920845031738
0.0540006160736084
0.012986421585083008
0.06294083595275879
0.09599900245666504
0.018016338348388672
0.02400493621826172
0.02700209617614746
0.03398251533508301
0.05699896812438965
0.05095553398132324
0.03897237777709961
0.032979488372802734
0.030000925064086914
0.014002799987792969
0.028987646102905273
0.04201769828796387
0.050942182540893555
0.03301668167114258
0.026020050048828125
0.0738377571105957
0.05599379539489746
0.03061652183532715
0.01999974250793457
0.022002696990966797
0.03199934959411621
0.03199934959411621
0.03800034523010254
0.037999868392944336
0.018978595733642578
0.02899909019470215
0.05000138282775879
0.06099104881286621
0.06298518180847168
0.032999515533447266
0.07999944686889648
0.022999286651611328
0.2701864242553711
0.05400848388671875
0.08100581169128418
0.03798246383666992
0.10797834396362305
0.04101824760437012
0.006994962692260742
0.2439720630645752
0.025008678436279297
0.1951282024383545
0.02901148796081543
0.025997400283813477
0.060999393463134766
0.009999990463256836
0.029001951217651367
0.020018577575683594
0.030986785888671875
0.047007083892822266
0.029008865356445312
0.019017934799194336
0.045992374420166016
0.022998571395874023
0.06156468391418457
0.02600264549255371
0.02099895477294922
0.04296588897705078
0.025966167449951172
0.05736374855041504
0.03600430488586426
0.02699732780456543
0.0659644603729248
0.06398677825927734
0.03498697280883789
0.01798844337463379
0.12499785423278809
0.08801078796386719
0.10102081298828125
0.04899859428405762
0.03499317169189453
0.2042996883392334
0.032982826232910156
0.02998661994934082
0.06999468803405762
0.08796811103820801
0.04099869728088379
0.03201174736022949
0.02396678924560547
0.07555770874023438
0.032989501953125
0.07097935676574707
0.028021574020385742
0.04596996307373047
0.02698659896850586
0.03550601005554199
0.04198884963989258
0.03501105308532715
0.04799222946166992
0.05298614501953125
0.3022425174713135
0.0449986457824707
0.006017923355102539
0.03104400634765625
0.022986412048339844
0.05499911308288574
0.03000473976135254
0.054987430572509766
0.058002471923828125
0.024999141693115234
0.035047054290771484
0.05600333213806152
0.033004045486450195
0.017984867095947266
0.05472159385681152
0.03999519348144531
0.05499076843261719
0.043988704681396484
0.04401969909667969
0.02399611473083496
0.06798028945922852
0.06301021575927734
0.05597496032714844
0.033994436264038086
0.04100847244262695
0.02501678466796875
0.015003204345703125
0.017999887466430664
0.0319972038269043
0.021995067596435547
0.23099851608276367
0.034995317459106445
0.04401397705078125
0.054016828536987305
0.030001401901245117
0.07000112533569336
0.024016141891479492
0.009983062744140625
0.011001348495483398
0.06298303604125977
0.03699302673339844
0.07500338554382324
0.5389924049377441
0.026978015899658203
0.03296971321105957
0.051030635833740234
0.03197002410888672
0.01799750328063965
0.01599907875061035
0.01800060272216797
0.043997764587402344
0.09797024726867676
0.08398675918579102
0.024992942810058594
0.13199615478515625
0.10499167442321777
0.07656121253967285
0.04298734664916992
0.0830070972442627
0.03899407386779785
0.0760045051574707
0.018999338150024414
0.011000633239746094
0.10900521278381348
0.03099203109741211
0.021001100540161133
0.028018951416015625
0.04201555252075195
0.3250093460083008
0.04500985145568848
0.04599165916442871
0.042993783950805664
0.04400038719177246
0.06101584434509277
0.01899862289428711
0.07197785377502441
0.11199545860290527
0.04801011085510254
0.032996177673339844
0.08998322486877441
0.034020185470581055
0.05999326705932617
0.04399228096008301
0.06602168083190918
0.05998563766479492
0.07599806785583496
0.00894784927368164
0.04299640655517578
0.047994375228881836
0.03697776794433594
0.022973060607910156
0.07401752471923828
0.034005165100097656
0.027996540069580078
0.04201006889343262
0.04295849800109863
0.03301525115966797
0.03000187873840332
0.0869903564453125
0.03599667549133301
0.028988122940063477
0.0339813232421875
0.037995100021362305
0.029026269912719727
0.0070037841796875
0.031027555465698242
0.03898048400878906
0.10898375511169434
0.06401515007019043
0.010991573333740234
0.16099071502685547
0.06099724769592285
0.03399157524108887
0.033019304275512695
0.06554889678955078
0.061981201171875
0.06598949432373047
0.03802084922790527
0.05199480056762695
0.028982162475585938
0.03601527214050293
0.09099841117858887
0.041986703872680664
0.022983551025390625
0.017995834350585938
0.047987937927246094
0.05002641677856445
0.10100889205932617
0.06699728965759277
0.03400444984436035
0.04598259925842285
0.10501432418823242
0.061987876892089844
0.1300041675567627
0.023998260498046875
0.021997690200805664
0.08299398422241211
0.029000520706176758
0.04896211624145508
0.06798124313354492
0.03298616409301758
0.020999908447265625
0.07900643348693848
0.05100107192993164
0.039980411529541016
0.07600021362304688
0.05899453163146973
0.05501961708068848
0.023012161254882812
0.02501058578491211
0.05295848846435547
0.1390092372894287
0.0919957160949707
0.0789952278137207
0.01699662208557129
0.008998870849609375
0.0309751033782959
0.06402087211608887
0.35900115966796875
0.09196877479553223
0.021999359130859375
0.04999709129333496
0.0560145378112793
0.09501981735229492
0.014002799987792969
0.04199576377868652
0.0630042552947998
0.03300213813781738
0.017998456954956055
0.2350006103515625
0.039019107818603516
0.04599308967590332
0.03799271583557129
0.05100274085998535
0.016999244689941406
0.041014909744262695
0.06701493263244629
0.01897597312927246
0.06596970558166504
0.10000443458557129
0.023001432418823242
0.034017324447631836
0.07596397399902344
0.030994176864624023
0.01900029182434082
0.05499768257141113
0.022003173828125
0.01798081398010254
0.041027069091796875
0.004000425338745117
1.0979773998260498
0.02896881103515625
0.02898097038269043
0.0319976806640625
0.029998779296875
0.05600333213806152
0.022016286849975586
0.01099395751953125
0.1159963607788086
0.07499051094055176
0.03499960899353027
0.06599903106689453
0.03000664710998535
0.0500028133392334
0.08099675178527832
0.06098651885986328
0.03499770164489746
0.05899333953857422
0.04101276397705078
0.24501514434814453
0.018000125885009766
0.008999109268188477
0.027001142501831055
0.049979209899902344
0.009007453918457031
0.03799605369567871
0.008011817932128906
0.016973495483398438
0.06500530242919922
0.03598594665527344
0.02199411392211914
0.02799844741821289
0.02299785614013672
0.07296037673950195
0.039983272552490234
0.030002593994140625
0.03973841667175293
0.008012056350708008
0.020998716354370117
0.1939711570739746
0.15000247955322266
0.03449583053588867
0.05699634552001953
0.06297111511230469
0.07597756385803223
0.05800271034240723
0.024999380111694336
0.002988100051879883
0.030989408493041992
0.12600278854370117
0.03899741172790527
0.014000654220581055
0.046967267990112305
0.049989938735961914
0.01999831199645996
0.08899593353271484
0.06500053405761719
0.17499971389770508
0.009000062942504883
