0.00299835205078125
0.016999244689941406
0.03099989891052246
0.03600025177001953
0.08801746368408203
0.017015933990478516
0.0069959163665771484
0.01799917221069336
0.006998300552368164
0.009999275207519531
0.039014339447021484
0.0239865779876709
0.03298759460449219
0.009983301162719727
0.02501201629638672
0.017998218536376953
0.02599334716796875
0.014000892639160156
0.031980276107788086
0.027997493743896484
0.033028364181518555
0.026276826858520508
0.021000146865844727
0.028993606567382812
0.016999483108520508
0.011091470718383789
0.03473830223083496
0.029987812042236328
0.029587745666503906
0.04880332946777344
0.12747716903686523
0.05503988265991211
0.03805279731750488
0.01799750328063965
0.03602004051208496
0.01999807357788086
0.12899994850158691
0.021996736526489258
0.02999734878540039
0.012001514434814453
0.17798995971679688
0.019998788833618164
0.008999109268188477
0.018998384475708008
0.0279996395111084
0.06998777389526367
0.023999691009521484
0.011012554168701172
0.013997793197631836
0.060003042221069336
0.025980234146118164
0.10099625587463379
0.004997968673706055
0.02698373794555664
0.024982213973999023
0.02298426628112793
0.03100752830505371
0.09201669692993164
0.016985177993774414
0.0991823673248291
0.02202129364013672
0.04000496864318848
0.06098198890686035
0.04299783706665039
0.0260012149810791
0.02100849151611328
0.010999679565429688
0.02299952507019043
0.023976564407348633
0.03899836540222168
0.009999513626098633
0.0039980411529541016
0.11899995803833008
0.10298371315002441
0.02000141143798828
0.007986783981323242
0.003015279769897461
0.009988546371459961
0.04000115394592285
0.004201412200927734
0.012971162796020508
0.019995689392089844
0.01700282096862793
0.02700042724609375
0.02599930763244629
0.0429844856262207
0.029972553253173828
0.07999992370605469
0.06700015068054199
0.028007030487060547
0.011053323745727539
0.011999845504760742
0.013015508651733398
0.014990091323852539
0.04598522186279297
0.021996498107910156
0.05400800704956055
0.023592472076416016
0.016995906829833984
0.06299519538879395
0.02400517463684082
0.01399850845336914
0.01601243019104004
0.06299924850463867
0.0029990673065185547
0.0060007572174072266
0.023997783660888672
0.22698187828063965
0.04800987243652344
0.03198814392089844
0.020997285842895508
0.01900935173034668
0.016998291015625
0.02300262451171875
0.005984783172607422
0.03499603271484375
0.012004852294921875
0.014003276824951172
0.1640007495880127
0.036852121353149414
0.05496954917907715
0.03298211097717285
0.01699995994567871
0.01299595832824707
0.01600193977355957
0.08700013160705566
0.030985355377197266
0.032000064849853516
0.010000228881835938
0.05399727821350098
0.023998022079467773
0.03999805450439453
0.033998727798461914
0.042993783950805664
0.011999130249023438
0.020954370498657227
0.0439910888671875
0.12399911880493164
0.07697725296020508
0.05270576477050781
0.04999971389770508
0.03499650955200195
0.0579984188079834
0.06100869178771973
0.047374725341796875
0.05000019073486328
0.017996788024902344
0.05698680877685547
0.031986236572265625
0.023972511291503906
0.21001672744750977
0.025979995727539062
0.05799102783203125
0.09400820732116699
0.024980545043945312
0.06699943542480469
0.05398249626159668
0.050995826721191406
0.006997585296630859
0.06802010536193848
0.06800055503845215
0.016013622283935547
0.019999980926513672
0.03000044822692871
0.02100062370300293
0.02599811553955078
0.04200887680053711
0.03997373580932617
0.0339968204498291
0.01498866081237793
0.007995367050170898
0.009999990463256836
0.04400181770324707
0.015000343322753906
0.023000240325927734
0.033995866775512695
0.0602262020111084
0.044001102447509766
0.02799701690673828
0.014997482299804688
0.019999265670776367
0.032985687255859375
0.028000593185424805
0.03500223159790039
0.027001380920410156
0.02700018882751465
0.02200007438659668
0.03499746322631836
0.04500150680541992
0.04399895668029785
0.0410006046295166
0.05100202560424805
0.015996217727661133
0.08600044250488281
0.03399968147277832
0.05499696731567383
0.030002593994140625
0.1100001335144043
0.03401684761047363
0.013025999069213867
0.1900014877319336
0.025999069213867188
0.19100046157836914
0.028996706008911133
0.024980783462524414
0.06799840927124023
0.018004894256591797
0.017997264862060547
0.009000539779663086
0.01901555061340332
0.034998178482055664
0.028024673461914062
0.006997585296630859
0.028998851776123047
0.013001441955566406
0.0404200553894043
0.019981861114501953
0.0149993896484375
0.01899862289428711
0.024992942810058594
0.02999401092529297
0.03599190711975098
0.025976181030273438
0.04599809646606445
0.04899740219116211
0.028992176055908203
0.011996984481811523
0.08499932289123535
0.05452537536621094
0.044992685317993164
0.04199385643005371
0.023008108139038086
0.17352557182312012
0.016963481903076172
0.026020288467407227
0.049994468688964844
0.04196882247924805
0.03199887275695801
0.01501321792602539
0.01298666000366211
0.030972957611083984
0.02399587631225586
0.032958984375
0.019996166229248047
0.023981332778930664
0.05298948287963867
0.026011228561401367
0.026993751525878906
0.022013425827026367
0.019960403442382812
0.019979476928710938
0.26399874687194824
0.03099513053894043
0.0030002593994140625
0.020977258682250977
0.02501201629638672
0.021988630294799805
0.025996685028076172
0.03499269485473633
0.018012046813964844
0.026976585388183594
0.03257179260253906
0.07499027252197266
0.016994476318359375
0.011997222900390625
0.04193735122680664
0.028011798858642578
0.026021242141723633
0.027055740356445312
0.056999921798706055
0.013997793197631836
0.038994789123535156
0.04800009727478027
0.04300117492675781
0.022983789443969727
0.030992984771728516
0.012015581130981445
0.011006355285644531
0.014999866485595703
0.026998043060302734
0.017015695571899414
0.1340010166168213
0.040000200271606445
0.0405268669128418
0.03201627731323242
0.02899956703186035
0.0672612190246582
0.023999691009521484
0.01799774169921875
0.009999275207519531
0.0439915657043457
0.03399014472961426
0.039015769958496094
0.2880215644836426
0.01500391960144043
0.010997772216796875
0.013999700546264648
0.03299570083618164
0.03196835517883301
0.01799941062927246
0.01601243019104004
0.06198596954345703
0.08197736740112305
0.07411360740661621
0.01198267936706543
0.17200398445129395
0.09499692916870117
0.033986568450927734
0.02799248695373535
0.04099845886230469
0.027984142303466797
0.0560154914855957
0.02798318862915039
0.007998943328857422
0.08500528335571289
0.03198075294494629
0.025014638900756836
0.0260164737701416
0.03999686241149902
0.29101991653442383
0.032980918884277344
0.035980939865112305
0.024997949600219727
0.04899954795837402
0.05088090896606445
0.03751182556152344
0.035999298095703125
0.11001777648925781
0.039981842041015625
0.05003237724304199
0.07599830627441406
0.06000018119812012
0.08851313591003418
0.031967878341674805
0.05701398849487305
0.040994882583618164
0.040988922119140625
0.001997709274291992
0.06799721717834473
0.02702474594116211
0.023012638092041016
0.023983478546142578
0.04999041557312012
0.03401327133178711
0.026979923248291016
0.03199601173400879
0.04300045967102051
0.042009592056274414
0.03499436378479004
0.045004844665527344
0.01998448371887207
0.025027990341186523
0.05199790000915527
0.03400015830993652
0.015965938568115234
0.006011486053466797
0.019001483917236328
0.027001380920410156
0.08598709106445312
0.02098393440246582
0.0020003318786621094
0.0939488410949707
0.06299948692321777
0.024993419647216797
0.015001058578491211
0.07199573516845703
0.031052827835083008
0.04399466514587402
0.03300189971923828
0.03898930549621582
0.011020660400390625
0.04897332191467285
0.09100127220153809
0.01997852325439453
0.022991657257080078
0.007983684539794922
0.031990766525268555
0.033995866775512695
0.06200122833251953
0.053017377853393555
0.0160214900970459
0.01799917221069336
0.1079862117767334
0.032990455627441406
0.1270003318786621
0.03401017189025879
0.012985467910766602
0.05496668815612793
0.00699925422668457
0.03797578811645508
0.03200030326843262
0.03297257423400879
0.0260159969329834
0.04401898384094238
0.025997161865234375
0.012990474700927734
0.052999019622802734
0.04099893569946289
0.05598330497741699
0.01599431037902832
0.016007423400878906
0.032968759536743164
0.13013982772827148
0.07098388671875
0.05296802520751953
0.02599930763244629
0.009011268615722656
0.022997140884399414
0.03800201416015625
0.31598639488220215
0.08751273155212402
0.018985748291015625
0.04397892951965332
0.028997182846069336
0.07716131210327148
0.009029150009155273
0.03761029243469238
0.04401373863220215
0.028000831604003906
0.012998580932617188
0.23799967765808105
0.02099776268005371
0.03999924659729004
0.03401684761047363
0.04196929931640625
0.01999354362487793
0.015984535217285156
0.05601859092712402
0.0220034122467041
0.03499889373779297
0.03701305389404297
0.018992185592651367
0.028997182846069336
0.05100059509277344
0.012001514434814453
0.03702402114868164
0.06902074813842773
0.030000925064086914
0.016972064971923828
0.03297567367553711
0.002012014389038086
0.8169982433319092
0.03099799156188965
0.01199960708618164
0.03923463821411133
0.018976211547851562
0.03901362419128418
0.01799941062927246
0.008996963500976562
0.061013221740722656
0.04199647903442383
0.04498696327209473
0.03199887275695801
0.03699803352355957
0.03099822998046875
0.0789949893951416
0.04398488998413086
0.031003236770629883
0.04198718070983887
0.04099225997924805
0.14500021934509277
0.02799820899963379
0.013978242874145508
0.04102802276611328
0.0320131778717041
0.007022857666015625
0.037978410720825195
0.008990049362182617
0.009000301361083984
0.03400158882141113
0.025988340377807617
0.026976346969604492
0.01598501205444336
0.021000385284423828
0.03798246383666992
0.048017024993896484
0.03400063514709473
0.02698063850402832
0.005002260208129883
0.0060045719146728516
0.14699935913085938
0.1000065803527832
0.042990922927856445
0.036997318267822266
0.03799939155578613
0.04900550842285156
0.04798769950866699
0.016998767852783203
0.0019958019256591797
0.024999380111694336
0.13605403900146484
0.04300189018249512
0.009002923965454102
0.04900002479553223
0.05100083351135254
0.01200103759765625
0.07800745964050293
0.049002647399902344
0.0930013656616211
0.010999917984008789
