0.001003265380859375
0.004000425338745117
0.006980419158935547
0.010004043579101562
0.015001058578491211
0.00400090217590332
0.0019998550415039062
0.007003307342529297
0.0010008811950683594
0.0019979476928710938
0.0110015869140625
0.006018400192260742
0.008001327514648438
0.0030145645141601562
0.011992216110229492
0.003988981246948242
0.006004810333251953
0.004014253616333008
0.008997678756713867
0.008999109268188477
0.008007049560546875
0.007016420364379883
0.004987478256225586
0.009002447128295898
0.007001161575317383
0.00298309326171875
0.00804758071899414
0.02041912078857422
0.013186216354370117
0.017991304397583008
0.03708815574645996
0.012002944946289062
0.011413335800170898
0.007989168167114258
0.007999181747436523
0.005001068115234375
0.0280001163482666
0.008002281188964844
0.0089874267578125
0.002001047134399414
0.046003103256225586
0.005997896194458008
0.003000497817993164
0.004997968673706055
0.0049970149993896484
0.015993118286132812
0.006999969482421875
0.002000570297241211
0.003999471664428711
0.01299905776977539
0.004999876022338867
0.023997068405151367
0.001001596450805664
0.00901484489440918
0.0120086669921875
0.014010190963745117
0.013994693756103516
0.03099656105041504
0.012970685958862305
0.023000478744506836
0.008977413177490234
0.019008636474609375
0.022014856338500977
0.021996259689331055
0.0069997310638427734
0.003986358642578125
0.0029993057250976562
0.00499725341796875
0.013020515441894531
0.008999824523925781
0.003000974655151367
0.0
0.025996923446655273
0.06304335594177246
0.003999471664428711
0.003013134002685547
0.0020036697387695312
0.0030095577239990234
0.009001731872558594
0.0020003318786621094
0.004026889801025391
0.0070018768310546875
0.0029973983764648438
0.005999326705932617
0.009003400802612305
0.006024599075317383
0.021015405654907227
0.02996683120727539
0.019997596740722656
0.0029997825622558594
0.002980947494506836
0.00301361083984375
0.002973794937133789
0.0060002803802490234
0.011015892028808594
0.008004903793334961
0.011002063751220703
0.010000467300415039
0.004004478454589844
0.020994901657104492
0.009005308151245117
0.0050008296966552734
0.004000186920166016
0.015001296997070312
0.0030059814453125
0.0019991397857666016
0.006000995635986328
0.03799915313720703
0.014004945755004883
0.006007671356201172
0.004999876022338867
0.0050008296966552734
0.006999969482421875
0.0039942264556884766
0.0020110607147216797
0.011003494262695312
0.002993345260620117
0.004984140396118164
0.05599665641784668
0.007020473480224609
0.016023874282836914
0.016996383666992188
0.005999565124511719
0.0029761791229248047
0.002998828887939453
0.02899169921875
0.0070149898529052734
0.0060002803802490234
0.0030035972595214844
0.019991159439086914
0.00902867317199707
0.009999990463256836
0.0050013065338134766
0.01700139045715332
0.0030002593994140625
0.008037090301513672
0.02500152587890625
0.022999048233032227
0.036019325256347656
0.021983861923217773
0.012006759643554688
0.013999462127685547
0.028962373733520508
0.02399134635925293
0.02499246597290039
0.012000560760498047
0.009005546569824219
0.020008563995361328
0.012984514236450195
0.01907038688659668
0.04899406433105469
0.010773420333862305
0.018000364303588867
0.030991792678833008
0.011000633239746094
0.01700115203857422
0.03501725196838379
0.027987003326416016
0.002000093460083008
0.01699686050415039
0.01399993896484375
0.004000425338745117
0.003999471664428711
0.008999347686767578
0.004999637603759766
0.00800180435180664
0.024960994720458984
0.02100825309753418
0.015001535415649414
0.003010988235473633
0.0029985904693603516
0.00400090217590332
0.006998300552368164
0.00400233268737793
0.005999326705932617
0.005003929138183594
0.016998291015625
0.00900411605834961
0.006002902984619141
0.00400543212890625
0.004000425338745117
0.017014265060424805
0.003998994827270508
0.0050008296966552734
0.007977724075317383
0.01000070571899414
0.006001710891723633
0.007001399993896484
0.0069980621337890625
0.009999513626098633
0.011002540588378906
0.013999462127685547
0.004004240036010742
0.021997928619384766
0.007000446319580078
0.009982109069824219
0.009996414184570312
0.023999452590942383
0.008000373840332031
0.0029735565185546875
0.04399871826171875
0.003999948501586914
0.0449833869934082
0.012002706527709961
0.01103663444519043
0.017090559005737305
0.003988981246948242
0.009999513626098633
0.0019996166229248047
0.007997512817382812
0.01799941062927246
0.006999015808105469
0.0030002593994140625
0.009971857070922852
0.0040013790130615234
0.012006998062133789
0.005000591278076172
0.004000186920166016
0.0059964656829833984
0.007966995239257812
0.016993999481201172
0.017002344131469727
0.0070002079010009766
0.011000633239746094
0.01600027084350586
0.013048887252807617
0.0030012130737304688
0.0169985294342041
0.018000125885009766
0.0249481201171875
0.014999628067016602
0.01000666618347168
0.05900216102600098
0.009996891021728516
0.006001472473144531
0.03100109100341797
0.029010772705078125
0.011982202529907227
0.003992557525634766
0.00500035285949707
0.011983871459960938
0.005999565124511719
0.013000011444091797
0.0050029754638671875
0.008038520812988281
0.016979455947875977
0.007974624633789062
0.013988971710205078
0.006001949310302734
0.007999897003173828
0.012996673583984375
0.05899405479431152
0.018949031829833984
0.0010225772857666016
0.00901484489440918
0.013985633850097656
0.009001016616821289
0.011972427368164062
0.006981611251831055
0.0050258636474609375
0.010975837707519531
0.015959978103637695
0.024974584579467773
0.007998943328857422
0.004998683929443359
0.012993574142456055
0.014971494674682617
0.005979061126708984
0.009996891021728516
0.02399730682373047
0.004000186920166016
0.02300119400024414
0.01999831199645996
0.011980533599853516
0.0059967041015625
0.024990558624267578
0.0030028820037841797
0.001995563507080078
0.0030002593994140625
0.005998849868774414
0.003999948501586914
0.03897500038146973
0.008999109268188477
0.014001131057739258
0.0060002803802490234
0.005999088287353516
0.014999628067016602
0.006001949310302734
0.005000114440917969
0.0019996166229248047
0.01600360870361328
0.008998870849609375
0.009989261627197266
0.06599783897399902
0.0030014514923095703
0.0019981861114501953
0.004999399185180664
0.02096867561340332
0.021045684814453125
0.0029735565185546875
0.002001047134399414
0.03400373458862305
0.037982940673828125
0.015982389450073242
0.00500035285949707
0.038979291915893555
0.04594707489013672
0.01798391342163086
0.015002965927124023
0.023993968963623047
0.013978242874145508
0.0189971923828125
0.009999513626098633
0.002998828887939453
0.02199697494506836
0.018037796020507812
0.008000612258911133
0.007997274398803711
0.015000581741333008
0.0740196704864502
0.0070209503173828125
0.008999824523925781
0.016971826553344727
0.010970592498779297
0.01997089385986328
0.009004354476928711
0.015012979507446289
0.02500128746032715
0.01600193977355957
0.012990236282348633
0.03299760818481445
0.014999151229858398
0.03199362754821777
0.013999462127685547
0.01600050926208496
0.022986650466918945
0.01797008514404297
0.0010023117065429688
0.009020805358886719
0.0049991607666015625
0.01096487045288086
0.008976459503173828
0.023009061813354492
0.012956380844116211
0.01900196075439453
0.015005826950073242
0.008999347686767578
0.029952049255371094
0.019986391067504883
0.023966550827026367
0.012000799179077148
0.00897073745727539
0.027949094772338867
0.02499079704284668
0.0070192813873291016
0.002998828887939453
0.0039958953857421875
0.004999876022338867
0.016016721725463867
0.007994651794433594
0.0009999275207519531
0.04400444030761719
0.04450559616088867
0.013999462127685547
0.004998207092285156
0.04295825958251953
0.007016420364379883
0.03000187873840332
0.00799870491027832
0.012978076934814453
0.0030002593994140625
0.015047550201416016
0.025977611541748047
0.005017995834350586
0.008977890014648438
0.003014802932739258
0.014977455139160156
0.008972406387329102
0.020998716354370117
0.011981725692749023
0.006983041763305664
0.00400233268737793
0.03998279571533203
0.015966415405273438
0.040959835052490234
0.020956993103027344
0.00703740119934082
0.029028892517089844
0.001998424530029297
0.01304316520690918
0.0070002079010009766
0.016042470932006836
0.009997367858886719
0.014979839324951172
0.007000446319580078
0.00599980354309082
0.026999950408935547
0.02299785614013672
0.015010595321655273
0.009001970291137695
0.003989458084106445
0.015085697174072266
0.04198050498962402
0.017017841339111328
0.019985198974609375
0.005000114440917969
0.0020017623901367188
0.007000923156738281
0.010998010635375977
0.06800055503845215
0.03396892547607422
0.0060100555419921875
0.017985820770263672
0.008002281188964844
0.021001577377319336
0.0019996166229248047
0.01796555519104004
0.014979124069213867
0.006997823715209961
0.003000497817993164
0.04701828956604004
0.008001089096069336
0.01100611686706543
0.010994434356689453
0.014975786209106445
0.00800323486328125
0.005015134811401367
0.015995502471923828
0.006997585296630859
0.011993169784545898
0.018947601318359375
0.006960868835449219
0.014950752258300781
0.013999700546264648
0.002995729446411133
0.003997325897216797
0.024981260299682617
0.012986183166503906
0.009025812149047852
0.019022703170776367
0.0009891986846923828
0.22199654579162598
0.007005929946899414
0.0029997825622558594
0.01000070571899414
0.008018016815185547
0.014995813369750977
0.005000591278076172
0.002999544143676758
0.027952909469604492
0.015999794006347656
0.013985872268676758
0.008979558944702148
0.008001327514648438
0.012979269027709961
0.02098846435546875
0.013988018035888672
0.00899958610534668
0.008005619049072266
0.021999597549438477
0.08999752998352051
0.007029533386230469
0.0029985904693603516
0.020945072174072266
0.013275384902954102
0.0019767284393310547
0.017000198364257812
0.003016948699951172
0.0019974708557128906
0.014009714126586914
0.006000995635986328
0.00701904296875
0.005000114440917969
0.004999637603759766
0.008018732070922852
0.016981840133666992
0.01599287986755371
0.013998985290527344
0.0009982585906982422
0.0009999275207519531
0.0420079231262207
0.025995969772338867
0.005998849868774414
0.011988162994384766
0.020992755889892578
0.008983373641967773
0.01702737808227539
0.0039980411529541016
0.0010025501251220703
0.009999752044677734
0.029999256134033203
0.009999513626098633
0.004000186920166016
0.011002063751220703
0.009000062942504883
0.004003286361694336
0.013968229293823242
0.009996891021728516
0.015994548797607422
0.0020017623901367188
