0.6113109588623047
0.6570467948913574
0.7335410118103027
0.6929671764373779
1.275660753250122
0.6640477180480957
0.7310850620269775
0.8020024299621582
0.6615586280822754
0.6715888977050781
0.9063317775726318
0.7360727787017822
0.8611187934875488
0.8079910278320312
0.6459414958953857
0.8669910430908203
0.6679306030273438
0.618009090423584
0.66815185546875
0.7644362449645996
0.7146952152252197
0.7276320457458496
0.7448060512542725
0.8556656837463379
0.7779273986816406
0.7385022640228271
0.8656520843505859
0.8262653350830078
0.7515027523040771
0.7412912845611572
1.497741460800171
1.0403122901916504
0.7289516925811768
0.6430540084838867
0.7270073890686035
0.7609994411468506
1.1180455684661865
0.7040014266967773
0.8227379322052002
0.6470136642456055
1.440871000289917
0.7251889705657959
0.6564652919769287
0.8735020160675049
0.6782200336456299
1.2263743877410889
0.7714822292327881
0.6179406642913818
0.612889289855957
1.6813745498657227
0.6715507507324219
1.2683076858520508
0.6332218647003174
1.0272581577301025
0.6765267848968506
0.7528014183044434
0.7484407424926758
1.146099328994751
0.8068225383758545
1.1824018955230713
0.6432228088378906
0.8783020973205566
0.9887349605560303
0.9346194267272949
0.7164316177368164
0.8886854648590088
0.6546638011932373
0.6717121601104736
0.7260608673095703
1.1460256576538086
0.95192551612854
0.6528952121734619
2.097573757171631
1.1292026042938232
0.6965084075927734
0.6528241634368896
0.6100625991821289
0.675173282623291
0.8889238834381104
0.5980467796325684
0.6607508659362793
0.665001630783081
0.7205555438995361
0.7069966793060303
0.7399966716766357
0.7340409755706787
0.7013914585113525
1.3397140502929688
1.039069414138794
0.6743273735046387
0.6414084434509277
0.6558539867401123
0.6761555671691895
0.7106733322143555
0.7983956336975098
0.8039112091064453
1.292698860168457
0.7003931999206543
0.6787452697753906
1.0845370292663574
0.8818836212158203
0.6237640380859375
0.6889293193817139
1.3649895191192627
0.7481703758239746
0.5868229866027832
0.6993625164031982
1.2694759368896484
1.0321259498596191
0.8438613414764404
0.6793487071990967
0.7976915836334229
0.7272634506225586
0.6969993114471436
0.6349945068359375
0.9070014953613281
0.6199972629547119
0.6342771053314209
1.4100103378295898
0.7280483245849609
0.7506632804870605
0.7597982883453369
0.7212929725646973
0.6576778888702393
0.6377744674682617
1.1174485683441162
0.8454620838165283
1.0523571968078613
0.7502152919769287
0.8587889671325684
0.7084271907806396
0.8031859397888184
0.8367974758148193
0.9456562995910645
0.6732747554779053
0.6938793659210205
0.9430942535400391
1.212913990020752
1.3317675590515137
0.8726198673248291
2.417994260787964
0.7750234603881836
0.8259820938110352
1.0588808059692383
1.1078994274139404
0.7989025115966797
0.8327240943908691
0.9384336471557617
0.7173194885253906
0.7345094680786133
1.5769095420837402
0.9206247329711914
0.9356625080108643
1.1741430759429932
0.7687070369720459
1.0635910034179688
1.06416916847229
1.004361629486084
0.7628450393676758
0.8054192066192627
1.9802446365356445
0.6440310478210449
0.6628408432006836
0.6737072467803955
0.6715011596679688
0.7236425876617432
0.9418954849243164
0.7324182987213135
0.9121086597442627
0.651317834854126
0.6330909729003906
0.805713415145874
0.7288916110992432
0.7164413928985596
0.7903082370758057
0.6752994060516357
1.0175247192382812
0.7367851734161377
0.8366787433624268
0.6340601444244385
0.679323673248291
0.7259352207183838
0.6840019226074219
0.6938269138336182
0.7238523960113525
0.7203168869018555
0.6919777393341064
0.756695032119751
0.7960138320922852
0.9860424995422363
0.8415167331695557
0.9630005359649658
0.6564004421234131
1.3031909465789795
0.8933219909667969
0.9263803958892822
1.1911859512329102
1.1346499919891357
0.8220558166503906
0.743502140045166
1.6250267028808594
0.6888725757598877
1.527306318283081
0.6965720653533936
0.8833510875701904
0.9280126094818115
0.6776361465454102
0.7091903686523438
0.674107551574707
0.650031328201294
0.8601596355438232
0.8230247497558594
0.7378058433532715
0.9718451499938965
0.6785075664520264
0.9210712909698486
0.6715438365936279
0.5955326557159424
0.7084665298461914
0.6464188098907471
0.7427527904510498
0.7253720760345459
0.6846272945404053
0.7737641334533691
0.7988166809082031
0.7142431735992432
0.6563475131988525
1.0074918270111084
1.1508369445800781
0.8618991374969482
0.9275155067443848
0.6830425262451172
1.564347505569458
0.6661181449890137
0.8006377220153809
1.2209181785583496
1.294971227645874
0.7101302146911621
0.7856800556182861
0.6965770721435547
0.7638497352600098
0.7952027320861816
0.7604885101318359
0.6690359115600586
0.7015960216522217
0.8929009437561035
0.7025797367095947
0.7412698268890381
0.7004811763763428
0.7193348407745361
0.7242317199707031
1.868668556213379
0.7431435585021973
0.6054966449737549
0.7599687576293945
0.7102644443511963
0.6868464946746826
0.7429792881011963
0.7352793216705322
0.7340059280395508
0.7042677402496338
1.1805171966552734
0.9225261211395264
0.8108205795288086
0.6339285373687744
0.7232358455657959
0.930412769317627
0.712376594543457
0.6922416687011719
0.8906388282775879
0.714160680770874
0.9656493663787842
1.1738760471343994
0.9364140033721924
0.8022339344024658
1.001357078552246
0.6743960380554199
0.6134469509124756
0.8444054126739502
0.903956413269043
0.6368975639343262
1.2885501384735107
0.8426737785339355
0.8469986915588379
0.7461726665496826
0.7391791343688965
1.0625579357147217
0.6361148357391357
0.6829638481140137
0.6510899066925049
0.7740945816040039
0.7267899513244629
0.8102412223815918
2.1740469932556152
0.7290263175964355
0.7387759685516357
0.6935181617736816
0.7239770889282227
0.7132182121276855
0.7156565189361572
1.034700632095337
0.9353342056274414
1.01393461227417
1.214355707168579
0.6973330974578857
2.026175022125244
1.3084661960601807
0.8787572383880615
0.7313356399536133
0.7700486183166504
0.7177426815032959
0.8431766033172607
0.6879715919494629
0.6094191074371338
1.3680977821350098
0.7517712116241455
0.6697745323181152
0.797868013381958
1.1596925258636475
3.219691753387451
0.9803557395935059
0.8274180889129639
0.7494547367095947
0.7954034805297852
1.0000157356262207
0.7393217086791992
1.0919947624206543
1.2625160217285156
1.05411958694458
0.9758648872375488
1.035576343536377
0.9450359344482422
1.1732070446014404
0.7657737731933594
1.397275447845459
0.771242618560791
0.8091683387756348
0.6223621368408203
0.7446014881134033
0.9530355930328369
0.7024190425872803
0.7580387592315674
0.8974134922027588
0.722231388092041
0.7031397819519043
0.7407801151275635
0.7668778896331787
0.8826560974121094
0.8932795524597168
0.9341862201690674
0.7151942253112793
0.7210955619812012
0.8963980674743652
0.7624654769897461
0.6575748920440674
0.7049362659454346
0.6773998737335205
0.6842844486236572
1.0205402374267578
1.2509150505065918
0.6439962387084961
1.2591607570648193
0.8162095546722412
0.7045950889587402
0.7169888019561768
0.9794950485229492
0.6973114013671875
0.8000726699829102
0.7398905754089355
0.7291271686553955
0.6692495346069336
0.7441322803497314
1.2568058967590332
0.6853137016296387
0.6536715030670166
0.6819272041320801
0.725726842880249
0.8621959686279297
0.8727619647979736
5.8107147216796875
0.7018439769744873
0.7422661781311035
1.1787385940551758
0.7918860912322998
1.2573399543762207
0.7262530326843262
0.669501543045044
0.9430325031280518
0.6632277965545654
0.7682454586029053
0.7386665344238281
0.7931404113769531
0.6928012371063232
0.8646354675292969
0.7376067638397217
0.672222375869751
1.94624662399292
0.8293132781982422
0.7674465179443359
0.6490774154663086
0.7165327072143555
0.7332415580749512
1.2659683227539062
1.0620651245117188
0.758469820022583
0.6869888305664062
0.6259810924530029
0.7059266567230225
0.8945019245147705
2.3447153568267822
0.9808478355407715
0.6170346736907959
0.8310081958770752
0.7573165893554688
1.1130573749542236
0.6273055076599121
0.8806917667388916
1.3862059116363525
0.820559024810791
0.8492400646209717
1.754154920578003
0.7346034049987793
0.7324748039245605
0.8514153957366943
0.7670285701751709
0.6748743057250977
0.8635420799255371
1.0901515483856201
0.7070698738098145
0.8322994709014893
0.8324804306030273
0.7076685428619385
0.9399588108062744
0.8030040264129639
1.0513496398925781
0.7336995601654053
0.8272645473480225
0.7567348480224609
0.6860105991363525
0.9270005226135254
0.6298277378082275
3.867434024810791
0.7349450588226318
0.699805498123169
0.7257227897644043
0.6770861148834229
0.9823148250579834
0.6430048942565918
0.6790914535522461
1.049083948135376
0.777005672454834
0.948394775390625
0.7266905307769775
0.8316855430603027
0.8969404697418213
0.9773013591766357
0.7838382720947266
0.7182414531707764
0.8291730880737305
0.7507989406585693
1.422006368637085
0.8542640209197998
0.6163995265960693
0.8743793964385986
0.7757809162139893
0.5900695323944092
0.7363128662109375
0.6316087245941162
0.6670029163360596
0.8803915977478027
0.8895342350006104
0.695519208908081
0.6382367610931396
0.6877071857452393
0.8065788745880127
0.7368195056915283
0.7260122299194336
0.8524689674377441
0.6127421855926514
0.6239094734191895
1.3066301345825195
1.2130894660949707
0.7464537620544434
1.2848012447357178
0.937152624130249
0.9247334003448486
0.8343353271484375
0.6500794887542725
0.5824398994445801
0.6820588111877441
1.2101609706878662
0.8749985694885254
0.6439971923828125
1.0719714164733887
0.7540013790130615
0.7100226879119873
1.085838794708252
0.8382413387298584
1.3508915901184082
0.6299984455108643
