0.29579591751098633
0.2950012683868408
0.30955958366394043
0.26900386810302734
0.36205220222473145
0.2830502986907959
0.30102992057800293
0.280001163482666
0.29199910163879395
0.30132055282592773
0.2901160717010498
0.3580131530761719
0.31400132179260254
0.4718747138977051
0.27881503105163574
0.32598280906677246
0.27199268341064453
0.27089524269104004
0.2710866928100586
0.3435204029083252
0.29116034507751465
0.28380560874938965
0.32877635955810547
0.30060458183288574
0.3439953327178955
0.35758137702941895
0.31162333488464355
0.2921774387359619
0.31638669967651367
0.28321194648742676
0.4552278518676758
0.36403775215148926
0.2726585865020752
0.26970481872558594
0.2840132713317871
0.32200002670288086
0.3810000419616699
0.3144676685333252
0.2817373275756836
0.31099414825439453
0.3895437717437744
0.2945215702056885
0.316084623336792
0.28838610649108887
0.27402353286743164
0.36330485343933105
0.28058958053588867
0.2776913642883301
0.2742300033569336
0.26430320739746094
0.29500794410705566
0.4765746593475342
0.28578710556030273
0.32230257987976074
0.2788121700286865
0.3049800395965576
0.3144392967224121
0.3657195568084717
0.2842850685119629
0.39635491371154785
0.3030538558959961
0.28989481925964355
0.39023375511169434
0.2861289978027344
0.32268738746643066
0.47304797172546387
0.29066991806030273
0.3130655288696289
0.310352087020874
0.3570687770843506
0.29290270805358887
0.2952919006347656
0.4405703544616699
0.4113647937774658
0.3301815986633301
0.3051128387451172
0.3044865131378174
0.32817864418029785
0.32368993759155273
0.2719848155975342
0.2846252918243408
0.29000091552734375
0.32248616218566895
0.3169972896575928
0.3269996643066406
0.31773877143859863
0.28474998474121094
0.37633228302001953
0.38350844383239746
0.3054835796356201
0.29819393157958984
0.3062286376953125
0.32415223121643066
0.32778143882751465
0.29893064498901367
0.29488134384155273
0.30011606216430664
0.28350067138671875
0.29320216178894043
0.40041089057922363
0.37322282791137695
0.28481578826904297
0.27999448776245117
0.39037299156188965
0.38738465309143066
0.2937185764312744
0.27779150009155273
0.39986443519592285
0.41939401626586914
0.3067026138305664
0.29401636123657227
0.29868268966674805
0.32355475425720215
0.29900407791137695
0.3059964179992676
0.3110013008117676
0.29200243949890137
0.2812774181365967
0.2930011749267578
0.2856168746948242
0.32132935523986816
0.30419445037841797
0.29735565185546875
0.3068413734436035
0.29123520851135254
0.39461350440979004
0.2832069396972656
0.4993166923522949
0.3320026397705078
0.33284687995910645
0.32178282737731934
0.33378124237060547
0.29073238372802734
0.29845285415649414
0.30429673194885254
0.28365516662597656
0.28769493103027344
0.40729856491088867
0.3841729164123535
0.3809332847595215
0.37901949882507324
0.3275308609008789
0.315326452255249
0.30269551277160645
0.28684234619140625
0.2860124111175537
0.3432919979095459
0.28577208518981934
0.29851508140563965
0.3388371467590332
0.4741508960723877
0.3230769634246826
0.32407331466674805
0.3761277198791504
0.3083376884460449
0.39613842964172363
0.3914022445678711
0.31556153297424316
0.29525017738342285
0.32924723625183105
0.3770406246185303
0.2750203609466553
0.2858414649963379
0.29258060455322266
0.28324413299560547
0.2813374996185303
0.3051145076751709
0.3128793239593506
0.33826494216918945
0.2791309356689453
0.29194068908691406
0.3069419860839844
0.3118765354156494
0.3134617805480957
0.2705264091491699
0.29389476776123047
0.3923680782318115
0.29761528968811035
0.29760074615478516
0.26203465461730957
0.28026270866394043
0.284210205078125
0.3080017566680908
0.2869997024536133
0.27905726432800293
0.31725215911865234
0.302978515625
0.30300021171569824
0.3139960765838623
0.3669097423553467
0.27951765060424805
0.2969980239868164
0.284407377243042
0.31799936294555664
0.31099915504455566
0.3163282871246338
0.4087350368499756
0.38098859786987305
0.2962937355041504
0.40937161445617676
0.3939812183380127
0.2788562774658203
0.37386465072631836
0.316478967666626
0.34413957595825195
0.2806518077850342
0.2797434329986572
0.30208730697631836
0.30500030517578125
0.2838425636291504
0.282346248626709
0.26766252517700195
0.3598196506500244
0.3769493103027344
0.32950878143310547
0.29967284202575684
0.28051257133483887
0.27633118629455566
0.2870147228240967
0.27329039573669434
0.29201292991638184
0.27874183654785156
0.27724623680114746
0.3190035820007324
0.33512449264526367
0.3272275924682617
0.3131430149078369
0.4176671504974365
0.29972410202026367
0.305067777633667
0.2913978099822998
0.2960989475250244
0.3713514804840088
0.265810489654541
0.29837870597839355
0.38002610206604004
0.37313365936279297
0.30109739303588867
0.2793889045715332
0.31473541259765625
0.2825896739959717
0.3069789409637451
0.2954580783843994
0.29587674140930176
0.2885611057281494
0.3149416446685791
0.3074624538421631
0.3009912967681885
0.29878664016723633
0.3171823024749756
0.31386327743530273
0.38995814323425293
0.2930586338043213
0.2906355857849121
0.32300710678100586
0.2929959297180176
0.27959728240966797
0.3003506660461426
0.3170747756958008
0.2955005168914795
0.30669593811035156
0.394756555557251
0.2774205207824707
0.30826568603515625
0.2807884216308594
0.27758288383483887
0.3052389621734619
0.29331493377685547
0.29592037200927734
0.27967238426208496
0.3171999454498291
0.3671743869781494
0.3060333728790283
0.39002156257629395
0.2700009346008301
0.45670557022094727
0.2832670211791992
0.2911417484283447
0.3467216491699219
0.3689389228820801
0.3062567710876465
0.47255516052246094
0.2869987487792969
0.2898697853088379
0.29409241676330566
0.28821277618408203
0.3916172981262207
0.28409647941589355
0.3020133972167969
0.3100159168243408
0.28499412536621094
0.2892007827758789
0.32616305351257324
0.5329973697662354
0.34891605377197266
0.32822656631469727
0.2972869873046875
0.28746509552001953
0.3058309555053711
0.3426477909088135
0.36386728286743164
0.3109910488128662
0.30269360542297363
0.36800622940063477
0.31321239471435547
0.3861992359161377
0.39489150047302246
0.2620666027069092
0.29462170600891113
0.2821652889251709
0.30750608444213867
0.3606252670288086
0.30703163146972656
0.27918505668640137
0.3790128231048584
0.27590203285217285
0.27242588996887207
0.29021120071411133
0.4809403419494629
0.5169167518615723
0.38088154792785645
0.2646512985229492
0.30933618545532227
0.28098607063293457
0.3571631908416748
0.2944653034210205
0.3184523582458496
0.4269707202911377
0.30271339416503906
0.38830065727233887
0.4007737636566162
0.2861034870147705
0.3945436477661133
0.29529833793640137
0.48132753372192383
0.3177680969238281
0.3308594226837158
0.3280324935913086
0.29846620559692383
0.3710651397705078
0.3271942138671875
0.3248155117034912
0.28444480895996094
0.3142707347869873
0.3102588653564453
0.2985727787017822
0.29613637924194336
0.3078277111053467
0.4680359363555908
0.30325794219970703
0.33493900299072266
0.3106350898742676
0.3156447410583496
0.31447672843933105
0.29255080223083496
0.3770909309387207
0.2872340679168701
0.31502532958984375
0.2861664295196533
0.3764915466308594
0.3178834915161133
0.4265913963317871
0.29543185234069824
0.30147886276245117
0.3122861385345459
0.29738712310791016
0.2623627185821533
0.27172303199768066
0.29186367988586426
0.3024132251739502
0.31383514404296875
0.3097519874572754
0.38066697120666504
0.2916910648345947
0.2918574810028076
0.31398820877075195
0.2844817638397217
0.4043879508972168
0.3320496082305908
0.36457276344299316
0.3092803955078125
0.33483123779296875
0.41618919372558594
0.3059244155883789
0.3750936985015869
0.30332279205322266
0.28055644035339355
0.2979264259338379
0.331195592880249
0.3054380416870117
0.293565034866333
0.33169102668762207
0.31671667098999023
0.4003326892852783
0.3224937915802002
0.2760143280029297
0.28556275367736816
0.33353447914123535
0.298173189163208
0.30061864852905273
0.3214731216430664
0.2902243137359619
0.40805912017822266
0.3915846347808838
0.2706921100616455
0.3351914882659912
0.2990000247955322
0.3320009708404541
0.3049948215484619
0.394573450088501
0.4027698040008545
0.2653365135192871
0.3780379295349121
0.30295848846435547
0.36634159088134766
0.29424309730529785
0.30593132972717285
0.47501516342163086
0.2945551872253418
0.39200258255004883
0.46894216537475586
0.3221127986907959
0.2959721088409424
0.3031764030456543
0.3037881851196289
0.3138766288757324
0.2762625217437744
0.45284390449523926
0.29810547828674316
0.27013301849365234
0.3016219139099121
0.32723450660705566
0.39279866218566895
0.3188621997833252
0.5782575607299805
0.33609724044799805
0.32930421829223633
0.31795287132263184
0.27916526794433594
0.29096174240112305
0.2893359661102295
0.7437994480133057
0.31568241119384766
0.30499935150146484
0.2905752658843994
0.2855064868927002
0.39801716804504395
0.281003475189209
0.28144311904907227
0.3017294406890869
0.29666709899902344
0.3533804416656494
0.2823159694671631
0.30661702156066895
0.3119344711303711
0.29823899269104004
0.2763373851776123
0.31299662590026855
0.36688995361328125
0.31176185607910156
0.3946387767791748
0.28617143630981445
0.2823331356048584
0.2980988025665283
0.3068523406982422
0.26870203018188477
0.2827584743499756
0.2889387607574463
0.28975892066955566
0.27073001861572266
0.306272029876709
0.30623459815979004
0.2695047855377197
0.31403493881225586
0.32439136505126953
0.2928447723388672
0.30876803398132324
0.2976515293121338
0.2756307125091553
0.2991816997528076
0.398784875869751
0.4114415645599365
0.30217528343200684
0.39552807807922363
0.28992152214050293
0.2757265567779541
0.25834202766418457
0.2839994430541992
0.2819991111755371
0.27498912811279297
0.36310911178588867
0.33700084686279297
0.2909986972808838
0.4629988670349121
0.3059992790222168
0.32204341888427734
0.3670198917388916
0.35899949073791504
0.3748924732208252
0.312999963760376
