0.007005929946899414
0.02100086212158203
0.011965274810791016
0.017014741897583008
0.011973857879638672
0.006976127624511719
0.003995180130004883
0.006996870040893555
0.009979009628295898
0.01696634292602539
0.006000041961669922
0.04599905014038086
0.0019991397857666016
0.0060291290283203125
0.009997367858886719
0.03900003433227539
0.009999990463256836
0.005000114440917969
0.006998300552368164
0.003972768783569336
0.036972761154174805
0.017976760864257812
0.012999296188354492
0.011000394821166992
0.019956350326538086
0.002021312713623047
0.0029931068420410156
0.001997709274291992
0.002000093460083008
0.012001276016235352
0.010016202926635742
0.004000186920166016
0.005999565124511719
0.007992267608642578
0.004002571105957031
0.013999700546264648
0.010957002639770508
0.010998010635375977
0.017988920211791992
0.0039980411529541016
0.010025978088378906
0.010990142822265625
0.0050008296966552734
0.0009999275207519531
0.003998994827270508
0.0229799747467041
0.008025169372558594
0.006021022796630859
0.009972333908081055
0.01295781135559082
0.004998683929443359
0.011031150817871094
0.009996414184570312
0.004000425338745117
0.028991222381591797
0.0039806365966796875
0.001984834671020508
0.008000612258911133
0.0059964656829833984
0.003004789352416992
0.015999794006347656
0.004995584487915039
0.011033773422241211
0.008011102676391602
0.0039997100830078125
0.00899958610534668
0.010009288787841797
0.013010740280151367
0.004998445510864258
0.015999794006347656
0.0030066967010498047
0.016000032424926758
0.009995698928833008
0.012024164199829102
0.003999233245849609
0.016980886459350586
0.021961688995361328
0.018999576568603516
0.014988422393798828
0.007999420166015625
0.00599980354309082
0.021001815795898438
0.007953643798828125
0.023016691207885742
0.0030138492584228516
0.035003662109375
0.020984411239624023
0.018985986709594727
0.040999650955200195
0.005004167556762695
0.024991512298583984
0.05999588966369629
0.0059986114501953125
0.02100372314453125
0.007000446319580078
0.00599360466003418
0.009999990463256836
0.0049686431884765625
0.006029605865478516
0.02397465705871582
0.020024538040161133
0.018998146057128906
0.007983684539794922
0.01600027084350586
0.04297995567321777
0.01799321174621582
0.011995553970336914
0.005986928939819336
0.004998922348022461
0.0049970149993896484
0.004997730255126953
0.007998466491699219
0.01900482177734375
0.0029997825622558594
0.015001296997070312
0.01700305938720703
0.022978782653808594
0.015975475311279297
0.02398967742919922
0.004997968673706055
0.011021137237548828
0.012028694152832031
0.0049991607666015625
0.004971742630004883
0.003979682922363281
0.013997554779052734
0.0029969215393066406
0.004999876022338867
0.006024599075317383
0.035993099212646484
0.00603175163269043
0.009993314743041992
0.020990371704101562
0.015992403030395508
0.011000633239746094
0.0029985904693603516
0.0060002803802490234
0.006997823715209961
0.006946086883544922
0.00500035285949707
0.006996870040893555
0.018999814987182617
0.03899788856506348
0.012992620468139648
0.0040013790130615234
0.025945425033569336
0.009002685546875
0.03199577331542969
0.006999969482421875
0.018021583557128906
0.006002187728881836
0.03997063636779785
0.011951208114624023
0.026031017303466797
0.008035898208618164
0.02800750732421875
0.003997325897216797
0.004029273986816406
0.021033048629760742
0.007979631423950195
0.015974760055541992
0.014955759048461914
0.021000385284423828
0.008999109268188477
0.007999897003173828
0.011997222900390625
0.03495335578918457
0.012987136840820312
0.026007890701293945
0.00796651840209961
0.011997461318969727
0.048545122146606445
0.011002063751220703
0.0020151138305664062
0.009012460708618164
0.001999378204345703
0.007999658584594727
0.026995420455932617
0.006999492645263672
0.009010791778564453
0.017026901245117188
0.04697895050048828
0.013042688369750977
0.009990930557250977
0.006000041961669922
0.020037412643432617
0.003999471664428711
0.009003877639770508
0.0069866180419921875
0.008011817932128906
0.014976024627685547
0.011998414993286133
0.009999752044677734
0.012999534606933594
0.01699662208557129
0.005999565124511719
0.01300811767578125
0.01999974250793457
0.0059967041015625
0.039960384368896484
0.014989376068115234
0.0030007362365722656
0.007016897201538086
0.005999565124511719
0.016041278839111328
0.0009953975677490234
0.012999296188354492
0.015978574752807617
0.00897979736328125
0.012043237686157227
0.0029976367950439453
0.01496267318725586
0.002998828887939453
0.020000696182250977
0.011011123657226562
0.004000663757324219
0.004979372024536133
0.04694986343383789
0.013006210327148438
0.012946844100952148
0.006999969482421875
0.006997585296630859
0.004999399185180664
0.008015155792236328
0.01297760009765625
0.003991365432739258
0.024996042251586914
0.006997823715209961
0.009053230285644531
0.011991500854492188
0.023006200790405273
0.003999471664428711
0.028997421264648438
0.006011962890625
0.025969505310058594
0.014995336532592773
0.00599980354309082
0.005025148391723633
0.004994630813598633
0.0030183792114257812
0.007999420166015625
0.010985851287841797
0.006999015808105469
0.002004861831665039
0.012993335723876953
0.0029993057250976562
0.01102137565612793
0.02200484275817871
0.017002582550048828
0.005954265594482422
0.0060007572174072266
0.017993927001953125
0.009000062942504883
0.015000343322753906
0.011015892028808594
0.0050199031829833984
0.010970115661621094
0.005966663360595703
0.008000612258911133
0.03399252891540527
0.004999876022338867
0.02498006820678711
0.0049953460693359375
0.033965349197387695
0.03499460220336914
0.003999948501586914
0.005997896194458008
0.02101898193359375
0.003994941711425781
0.007967710494995117
0.010000228881835938
0.035993099212646484
0.019977569580078125
0.005991220474243164
0.007001638412475586
0.012997627258300781
0.021996259689331055
0.016994714736938477
0.004022836685180664
0.003999948501586914
0.014028787612915039
0.008974313735961914
0.05101370811462402
0.0030031204223632812
0.011960506439208984
0.02801799774169922
0.007578849792480469
0.03197836875915527
0.019987821578979492
0.00900125503540039
0.0039806365966796875
0.0009849071502685547
0.0030014514923095703
0.002984762191772461
0.0019996166229248047
0.008016109466552734
0.00600433349609375
0.011026859283447266
0.01198577880859375
0.005007028579711914
0.01599860191345215
0.00497889518737793
0.003999948501586914
0.02502155303955078
0.003997325897216797
0.0039997100830078125
0.01999950408935547
0.003998756408691406
0.002997159957885742
0.008001565933227539
0.002999544143676758
0.03401446342468262
0.02194809913635254
0.005998373031616211
0.009002208709716797
0.026973724365234375
0.0029997825622558594
0.03698372840881348
0.00899815559387207
0.03597855567932129
0.03067302703857422
0.013997793197631836
0.003999471664428711
0.026024580001831055
0.010019063949584961
0.0019998550415039062
0.003001689910888672
0.010993719100952148
0.0030002593994140625
0.0069980621337890625
0.012996435165405273
0.011000871658325195
0.009998083114624023
0.0030069351196289062
0.042005062103271484
0.01699519157409668
0.017007827758789062
0.005962848663330078
0.019996166229248047
0.008998394012451172
0.01799941062927246
0.010999202728271484
0.001998424530029297
0.00901651382446289
0.04295015335083008
0.009996414184570312
0.006017923355102539
0.003999948501586914
0.0019986629486083984
0.030991077423095703
0.018027782440185547
0.0029997825622558594
0.012972593307495117
0.007961511611938477
0.0049707889556884766
0.005999326705932617
0.01400136947631836
0.02107095718383789
0.007002115249633789
0.005001544952392578
0.010969400405883789
0.010997772216796875
0.005998849868774414
0.021979808807373047
0.00899815559387207
0.02197742462158203
0.012033462524414062
0.005000114440917969
0.003999233245849609
0.006002902984619141
0.00902247428894043
0.011968374252319336
0.006995201110839844
0.0010046958923339844
0.009991645812988281
0.010998010635375977
0.009974479675292969
0.005999088287353516
0.008016347885131836
0.010987281799316406
0.013020753860473633
0.003986835479736328
0.014006853103637695
0.03998923301696777
0.014985799789428711
0.00900125503540039
0.004002809524536133
0.003998517990112305
0.003998517990112305
0.0020089149475097656
0.005040168762207031
0.006017446517944336
0.003000497817993164
0.04299783706665039
0.010021448135375977
0.002998828887939453
0.011998891830444336
0.018044710159301758
0.006028413772583008
0.008984804153442383
0.00500035285949707
0.01599907875061035
0.03501534461975098
0.015009403228759766
0.01599264144897461
0.02200031280517578
0.003999471664428711
0.004990816116333008
0.01902031898498535
0.027004003524780273
0.00902414321899414
0.02300548553466797
0.0030031204223632812
0.007985353469848633
0.008999109268188477
0.017664432525634766
0.002000570297241211
0.008994340896606445
0.012999534606933594
0.018022775650024414
0.004999637603759766
0.0059812068939208984
0.0029997825622558594
0.008997440338134766
0.009000062942504883
0.019978046417236328
0.01794600486755371
0.012026548385620117
0.012997150421142578
0.00500035285949707
0.006998538970947266
0.019974946975708008
0.012950897216796875
0.0019998550415039062
0.004979610443115234
0.012001276016235352
0.012002229690551758
0.001984119415283203
0.0029942989349365234
0.011014938354492188
0.032981157302856445
0.008975744247436523
0.0329890251159668
0.0069789886474609375
0.018540143966674805
0.009003400802612305
0.01199650764465332
0.007992982864379883
0.009996652603149414
0.010996818542480469
0.006997585296630859
0.011985540390014648
0.00697016716003418
0.007999658584594727
0.0019981861114501953
0.007999658584594727
0.01503610610961914
0.008975028991699219
0.01300811767578125
0.008990764617919922
0.010959625244140625
0.006020307540893555
0.03099513053894043
0.005026340484619141
0.004998445510864258
0.0030012130737304688
0.02394580841064453
0.014946460723876953
0.03201460838317871
0.01399850845336914
0.03006148338317871
0.0009996891021728516
0.006986141204833984
0.005997657775878906
0.0019998550415039062
0.014001846313476562
0.04012608528137207
0.01098012924194336
0.015010833740234375
0.007016897201538086
0.003998279571533203
0.00800013542175293
0.006989240646362305
0.00596928596496582
0.006997823715209961
0.003000497817993164
0.003999948501586914
0.02100372314453125
0.012953996658325195
0.02195143699645996
0.005999326705932617
0.008996725082397461
0.02705240249633789
0.026967287063598633
0.01499795913696289
0.0030188560485839844
0.003003835678100586
0.006002187728881836
0.005979299545288086
0.004029750823974609
