0.0039980411529541016
0.005000114440917969
0.001999378204345703
0.0069997310638427734
0.0009794235229492188
0.002048015594482422
0.0019969940185546875
0.001001119613647461
0.0020003318786621094
0.0050013065338134766
0.0030007362365722656
0.0030002593994140625
0.0020008087158203125
0.0009784698486328125
0.001985788345336914
0.0029802322387695312
0.002004861831665039
0.0009891986846923828
0.00302886962890625
0.0
0.005979299545288086
0.003000497817993164
0.0030040740966796875
0.0019986629486083984
0.0
0.0009965896606445312
0.0010187625885009766
0.0010008811950683594
0.0009984970092773438
0.000997304916381836
0.0020194053649902344
0.001001119613647461
0.0030012130737304688
0.002996206283569336
0.0009992122650146484
0.0059850215911865234
0.0030455589294433594
0.004979848861694336
0.002985239028930664
0.0040130615234375
0.0010004043579101562
0.00400090217590332
0.001992464065551758
0.0009996891021728516
0.001972675323486328
0.005086660385131836
0.001981019973754883
0.00202178955078125
0.0020020008087158203
0.0020227432250976562
0.0010018348693847656
0.0030040740966796875
0.0020003318786621094
0.006998300552368164
0.009993553161621094
0.0019986629486083984
0.0029458999633789062
0.0050008296966552734
0.003969430923461914
0.0009999275207519531
0.007000446319580078
0.005966663360595703
0.004228353500366211
0.001001596450805664
0.0020003318786621094
0.002000570297241211
0.003963947296142578
0.002001523971557617
0.004999876022338867
0.002016305923461914
0.0009999275207519531
0.002022266387939453
0.0029981136322021484
0.0010023117065429688
0.0020051002502441406
0.0020058155059814453
0.00299835205078125
0.0020003318786621094
0.0030014514923095703
0.0010001659393310547
0.0030059814453125
0.001999378204345703
0.002002716064453125
0.005999088287353516
0.0010006427764892578
0.003987312316894531
0.0029997825622558594
0.005997419357299805
0.009998559951782227
0.0039594173431396484
0.009004354476928711
0.004995822906494141
0.003999471664428711
0.0029997825622558594
0.0009989738464355469
0.00099945068359375
0.0019996166229248047
0.0010228157043457031
0.0009868144989013672
0.004001617431640625
0.003999948501586914
0.007002592086791992
0.0019998550415039062
0.0019807815551757812
0.005026817321777344
0.0019867420196533203
0.014991044998168945
0.001999378204345703
0.0009999275207519531
0.0009996891021728516
0.0050029754638671875
0.003010272979736328
0.002979278564453125
0.0009980201721191406
0.002999544143676758
0.002003908157348633
0.0009992122650146484
0.0039920806884765625
0.006002187728881836
0.0019989013671875
0.005998849868774414
0.003000497817993164
0.004046916961669922
0.0029973983764648438
0.0010001659393310547
0.01400613784790039
0.003003835678100586
0.003972053527832031
0.0009989738464355469
0.011004924774169922
0.003993511199951172
0.0
0.0049741268157958984
0.002002716064453125
0.0010104179382324219
0.002978801727294922
0.0019690990447998047
0.0009968280792236328
0.0009987354278564453
0.0009989738464355469
0.0010182857513427734
0.001999378204345703
0.0089874267578125
0.0019800662994384766
0.001999378204345703
0.0050122737884521484
0.0009996891021728516
0.00500035285949707
0.0010008811950683594
0.0030028820037841797
0.0019981861114501953
0.004997968673706055
0.0029630661010742188
0.0019996166229248047
0.0019989013671875
0.0059854984283447266
0.0010211467742919922
0.0020432472229003906
0.0029959678649902344
0.0019998550415039062
0.0029959678649902344
0.001986980438232422
0.017998218536376953
0.004991292953491211
0.003002166748046875
0.003002166748046875
0.004997968673706055
0.0040166378021240234
0.010003089904785156
0.0019648075103759766
0.004031658172607422
0.003001689910888672
0.00298309326171875
0.0009987354278564453
0.0019991397857666016
0.0010006427764892578
0.0010008811950683594
0.0029993057250976562
0.004024028778076172
0.00299835205078125
0.005991697311401367
0.012018680572509766
0.0010023117065429688
0.005987644195556641
0.0019998550415039062
0.002004384994506836
0.0009982585906982422
0.0020017623901367188
0.004024028778076172
0.0019998550415039062
0.008013010025024414
0.0009996891021728516
0.008971214294433594
0.00995182991027832
0.008999824523925781
0.002004861831665039
0.0019960403442382812
0.01200103759765625
0.000997781753540039
0.0059969425201416016
0.0010006427764892578
0.002000093460083008
0.004000425338745117
0.003943443298339844
0.0030019283294677734
0.003052234649658203
0.0020339488983154297
0.003988742828369141
0.0010039806365966797
0.0010001659393310547
0.0009982585906982422
0.003001689910888672
0.0019588470458984375
0.0009999275207519531
0.010001182556152344
0.0009996891021728516
0.0009996891021728516
0.005001068115234375
0.010002851486206055
0.0010025501251220703
0.00694727897644043
0.0
0.0009951591491699219
0.0029947757720947266
0.002001523971557617
0.0010175704956054688
0.010000228881835938
0.0030035972595214844
0.0009992122650146484
0.003000974655151367
0.004000425338745117
0.0
0.0029938220977783203
0.0010101795196533203
0.002981901168823242
0.0019986629486083984
0.004002571105957031
0.0010037422180175781
0.0060040950775146484
0.0029981136322021484
0.0020008087158203125
0.0010004043579101562
0.001985788345336914
0.0009999275207519531
0.001016855239868164
0.002000570297241211
0.003000020980834961
0.0039997100830078125
0.0030181407928466797
0.0009987354278564453
0.001999378204345703
0.003002166748046875
0.001016855239868164
0.0050313472747802734
0.002002239227294922
0.001956939697265625
0.0029730796813964844
0.002999544143676758
0.002018451690673828
0.006998300552368164
0.0019791126251220703
0.0039997100830078125
0.0029969215393066406
0.005988597869873047
0.0059735774993896484
0.004954338073730469
0.0020143985748291016
0.005997419357299805
0.005998134613037109
0.003950834274291992
0.002971172332763672
0.00999903678894043
0.0019965171813964844
0.0030019283294677734
0.001972675323486328
0.001999378204345703
0.001001119613647461
0.005014896392822266
0.0
0.00599980354309082
0.00199127197265625
0.002000093460083008
0.0019989013671875
0.0010027885437011719
0.0029706954956054688
0.002998828887939453
0.001992940902709961
0.0030057430267333984
0.005000591278076172
0.0
0.0
0.0010111331939697266
0.0009844303131103516
0.0009996891021728516
0.0009963512420654297
0.0030012130737304688
0.005024909973144531
0.0050470829010009766
0.007004261016845703
0.0019996166229248047
0.004998922348022461
0.002002716064453125
0.0020029544830322266
0.00599980354309082
0.003031492233276367
0.002000570297241211
0.00400090217590332
0.0009949207305908203
0.0009996891021728516
0.0050313472747802734
0.0019927024841308594
0.005000114440917969
0.0020089149475097656
0.003002643585205078
0.0029990673065185547
0.003996372222900391
0.002023935317993164
0.006003618240356445
0.003001689910888672
0.0050203800201416016
0.004000663757324219
0.007958173751831055
0.0010013580322265625
0.001001119613647461
0.0010004043579101562
0.0029561519622802734
0.0040111541748046875
0.0020020008087158203
0.0009756088256835938
0.002003192901611328
0.010988235473632812
0.0010001659393310547
0.004000425338745117
0.0010001659393310547
0.056960344314575195
0.0039980411529541016
0.003015756607055664
0.0010323524475097656
0.0019826889038085938
0.006000995635986328
0.0019698143005371094
0.005002260208129883
0.001001596450805664
0.000997781753540039
0.002000093460083008
0.011029958724975586
0.0030303001403808594
0.0010001659393310547
0.001001596450805664
0.002998828887939453
0.0030014514923095703
0.0029931068420410156
0.0020122528076171875
0.0009982585906982422
0.0009949207305908203
0.0020008087158203125
0.003998994827270508
0.0040013790130615234
0.0019927024841308594
0.0010035037994384766
0.004999637603759766
0.0029833316802978516
0.0009996891021728516
0.004000425338745117
0.0010178089141845703
0.002000093460083008
0.0029582977294921875
0.002000093460083008
0.004000186920166016
0.001972198486328125
0.004000663757324219
0.0030057430267333984
0.0009999275207519531
0.0009665489196777344
0.000995635986328125
0.0029997825622558594
0.0019991397857666016
0.0009822845458984375
0.002969503402709961
0.002962350845336914
0.003002643585205078
0.003981351852416992
0.004999637603759766
0.003999471664428711
0.0019989013671875
0.004980325698852539
0.0010039806365966797
0.0009999275207519531
0.0020415782928466797
0.0010025501251220703
0.0010004043579101562
0.0010006427764892578
0.0009999275207519531
0.0020003318786621094
0.0020334720611572266
0.002002239227294922
0.004002571105957031
0.0009715557098388672
0.002000093460083008
0.0
0.006000518798828125
0.0019981861114501953
0.003976106643676758
0.0010042190551757812
0.003000020980834961
0.0029799938201904297
0.005007743835449219
0.004001617431640625
0.004021644592285156
0.011983633041381836
0.0020024776458740234
0.002001047134399414
0.002001523971557617
0.0039997100830078125
0.004971027374267578
0.01199197769165039
0.002001047134399414
0.002962827682495117
0.006050825119018555
0.004991769790649414
0.0009999275207519531
0.0030007362365722656
0.001979827880859375
0.002998828887939453
0.005003213882446289
0.003999471664428711
0.003004789352416992
0.002000570297241211
0.0019998550415039062
0.003005504608154297
0.0009996891021728516
0.003002643585205078
0.0009984970092773438
0.0020160675048828125
0.0020139217376708984
0.003997802734375
0.005000114440917969
0.0
0.0
0.0009999275207519531
0.002995014190673828
0.0019989013671875
0.006000518798828125
0.0019991397857666016
0.0019996166229248047
0.003038167953491211
0.002956390380859375
0.00902700424194336
0.0029981136322021484
0.0009925365447998047
0.0029993057250976562
0.0060253143310546875
0.0020008087158203125
0.00599360466003418
0.0019989013671875
0.0030279159545898438
0.0009951591491699219
0.002979755401611328
0.0009992122650146484
0.003950595855712891
0.0019996166229248047
0.0030188560485839844
0.00700068473815918
0.00400090217590332
0.0009794235229492188
0.002975940704345703
0.0030007362365722656
0.0010008811950683594
0.0029993057250976562
0.0010004043579101562
0.005003690719604492
0.0
0.002003192901611328
0.0010039806365966797
0.0
0.0009877681732177734
0.0029981136322021484
0.006018877029418945
0.0030002593994140625
0.0020117759704589844
0.006999015808105469
0.003000497817993164
0.0010008811950683594
0.003040313720703125
0.00199127197265625
0.0009996891021728516
0.0030019283294677734
0.0020165443420410156
0.002004861831665039
0.003999233245849609
0.0030069351196289062
0.0020058155059814453
0.0030133724212646484
0.0030584335327148438
0.0029730796813964844
0.0009999275207519531
0.001024484634399414
0.002024412155151367
0.0020017623901367188
0.0009970664978027344
