0.009000539779663086
0.009983062744140625
0.0010006427764892578
0.0
0.0
0.0010035037994384766
0.001001119613647461
0.0010001659393310547
0.0010120868682861328
0.009999990463256836
0.0010008811950683594
0.0030150413513183594
0.0010001659393310547
0.0009984970092773438
0.0010211467742919922
0.0010180473327636719
0.0009996891021728516
0.001001119613647461
0.002001523971557617
0.0010001659393310547
0.000982046127319336
0.0009996891021728516
0.0020151138305664062
0.0010018348693847656
0.0
0.0010001659393310547
0.0
0.0
0.0009999275207519531
0.0010004043579101562
0.0030019283294677734
0.0019991397857666016
0.0
0.0
0.001001119613647461
0.0020012855529785156
0.0010006427764892578
0.0009860992431640625
0.0019998550415039062
0.0020024776458740234
0.000997781753540039
0.0019974708557128906
0.0009996891021728516
0.0
0.0
0.003994941711425781
0.0020046234130859375
0.002012491226196289
0.0040264129638671875
0.0
0.001001596450805664
0.0010006427764892578
0.004999876022338867
0.0
0.001003265380859375
0.0009999275207519531
0.0010004043579101562
0.0
0.0009982585906982422
0.001008749008178711
0.0009989738464355469
0.0009996891021728516
0.0
0.0009984970092773438
0.007013797760009766
0.0010154247283935547
0.0009999275207519531
0.0
0.006000518798828125
0.0010044574737548828
0.0010006427764892578
0.0030028820037841797
0.0009999275207519531
0.0010018348693847656
0.00099945068359375
0.0
0.021013975143432617
0.00099945068359375
0.0009813308715820312
0.0009982585906982422
0.0010035037994384766
0.002000093460083008
0.0009996891021728516
0.0029981136322021484
0.0020172595977783203
0.010986804962158203
0.0009851455688476562
0.0020182132720947266
0.0010197162628173828
0.0010006427764892578
0.009999752044677734
0.0009734630584716797
0.0009982585906982422
0.0040035247802734375
0.0010013580322265625
0.002017498016357422
0.007000446319580078
0.0019989013671875
0.0010013580322265625
0.007002353668212891
0.0009992122650146484
0.0009992122650146484
0.0010013580322265625
0.004999399185180664
0.007972955703735352
0.0009968280792236328
0.0030019283294677734
0.0009992122650146484
0.0009953975677490234
0.0
0.00099945068359375
0.0009999275207519531
0.005000591278076172
0.0
0.0
0.0020024776458740234
0.0010025501251220703
0.0029990673065185547
0.001990079879760742
0.0010013580322265625
0.0189974308013916
0.0
0.0010008811950683594
0.0009999275207519531
0.0
0.0010006427764892578
0.0009999275207519531
0.0
0.0
0.0010218620300292969
0.0
0.0
0.0020012855529785156
0.01898670196533203
0.0020020008087158203
0.002000093460083008
0.002001047134399414
0.0009996891021728516
0.0009984970092773438
0.0
0.00099945068359375
0.0020003318786621094
0.03200030326843262
0.0010180473327636719
0.0
0.00400233268737793
0.003002166748046875
0.004000663757324219
0.0
0.0010006427764892578
0.0010001659393310547
0.0010004043579101562
0.0
0.0009999275207519531
0.0010001659393310547
0.005001544952392578
0.001985311508178711
0.0009999275207519531
0.0020127296447753906
0.0010013580322265625
0.0019850730895996094
0.0
0.007000923156738281
0.0
0.0020017623901367188
0.002001523971557617
0.004015684127807617
0.0019948482513427734
0.0010001659393310547
0.0009915828704833984
0.0010023117065429688
0.025002002716064453
0.0010013580322265625
0.0010135173797607422
0.0029997825622558594
0.0
0.013997554779052734
0.005980491638183594
0.0
0.0010058879852294922
0.0029959678649902344
0.03201031684875488
0.0009982585906982422
0.0010008811950683594
0.0
0.004001140594482422
0.0010149478912353516
0.00900125503540039
0.003015756607055664
0.0
0.012000560760498047
0.001997709274291992
0.0009992122650146484
0.0010001659393310547
0.0009996891021728516
0.0
0.0
0.001983642578125
0.002998828887939453
0.03898119926452637
0.0010006427764892578
0.0
0.002000093460083008
0.0009999275207519531
0.0010001659393310547
0.0
0.001020669937133789
0.0
0.0009734630584716797
0.0
0.0010156631469726562
0.0030014514923095703
0.0
0.0010089874267578125
0.0020089149475097656
0.0
0.001001596450805664
0.0019989013671875
0.011999368667602539
0.001001596450805664
0.0
0.0
0.0
0.0009715557098388672
0.0
0.0010006427764892578
0.0010023117065429688
0.0030012130737304688
0.0
0.0
0.006011486053466797
0.0
0.0020017623901367188
0.0
0.0
0.0010008811950683594
0.0010001659393310547
0.0010004043579101562
0.0
0.000986337661743164
0.0020017623901367188
0.0
0.0010170936584472656
0.0
0.0029871463775634766
0.0010008811950683594
0.0019998550415039062
0.004002809524536133
0.0010004043579101562
0.0010089874267578125
0.0010068416595458984
0.0009996891021728516
0.001001119613647461
0.0009999275207519531
0.0020017623901367188
0.0
0.0009887218475341797
0.0
0.0049953460693359375
0.0200042724609375
0.0010001659393310547
0.0019791126251220703
0.0019996166229248047
0.003000974655151367
0.002001523971557617
0.0
0.0019996166229248047
0.00399327278137207
0.0009832382202148438
0.0
0.00099945068359375
0.0010006427764892578
0.002000570297241211
0.0
0.0
0.007983922958374023
0.0009999275207519531
0.0009953975677490234
0.0
0.0010037422180175781
0.0009984970092773438
0.0009999275207519531
0.011000394821166992
0.0
0.0
0.005014181137084961
0.0
0.0020003318786621094
0.0010013580322265625
0.001983642578125
0.0
0.000988006591796875
0.0
0.0
0.0
0.002015829086303711
0.005003929138183594
0.0010018348693847656
0.008987188339233398
0.0
0.0030024051666259766
0.0
0.00501704216003418
0.002001047134399414
0.0020172595977783203
0.0009996891021728516
0.0010118484497070312
0.0
0.0009996891021728516
0.001001119613647461
0.0
0.01101827621459961
0.0010144710540771484
0.0020036697387695312
0.0010013580322265625
0.0020034313201904297
0.0010004043579101562
0.008998870849609375
0.0010042190551757812
0.011999130249023438
0.0010020732879638672
0.0019991397857666016
0.001001596450805664
0.0010008811950683594
0.001989126205444336
0.0019996166229248047
0.0
0.001001596450805664
0.0
0.0009996891021728516
0.00099945068359375
0.0010018348693847656
0.0009870529174804688
0.0009906291961669922
0.007002115249633789
0.0
0.002000570297241211
0.0009996891021728516
0.0010027885437011719
0.003000497817993164
0.002007007598876953
0.0010004043579101562
0.0009996891021728516
0.000997781753540039
0.002000570297241211
0.0019996166229248047
0.0009927749633789062
0.0010013580322265625
0.0
0.00500035285949707
0.002001523971557617
0.0009999275207519531
0.0020024776458740234
0.0
0.0009961128234863281
0.0010006427764892578
0.0010004043579101562
0.004000425338745117
0.0
0.0010166168212890625
0.0009942054748535156
0.006012439727783203
0.0009989738464355469
0.0010018348693847656
0.0010008811950683594
0.004999637603759766
0.0
0.0010008811950683594
0.0010199546813964844
0.001003265380859375
0.0009999275207519531
0.0
0.0010113716125488281
0.0
0.0010013580322265625
0.002012491226196289
0.0010001659393310547
0.0010004043579101562
0.0010006427764892578
0.0010008811950683594
0.0
0.002986431121826172
0.0020017623901367188
0.003999948501586914
0.00099945068359375
0.0
0.0019986629486083984
0.0009996891021728516
0.0010025501251220703
0.0010013580322265625
0.0010001659393310547
0.0
0.0009987354278564453
0.0019996166229248047
0.002000570297241211
0.001001596450805664
0.0
0.0
0.002001523971557617
0.0
0.001001596450805664
0.0
0.0010001659393310547
0.0
0.005000591278076172
0.0009837150573730469
0.002001523971557617
0.0
0.0010008811950683594
0.003995418548583984
0.003000974655151367
0.002004384994506836
0.0009989738464355469
0.0009987354278564453
0.0010037422180175781
0.0
0.0009984970092773438
0.0
0.0009992122650146484
0.0010020732879638672
0.0010020732879638672
0.0019884109497070312
0.0020017623901367188
0.0009996891021728516
0.002000570297241211
0.0009911060333251953
0.0
0.0
0.0
0.001001596450805664
0.008008480072021484
0.017997026443481445
0.0010039806365966797
0.0010001659393310547
0.001016855239868164
0.0
0.0020008087158203125
0.0
0.0
0.0
0.001001119613647461
0.0
0.030997514724731445
0.0010001659393310547
0.002986431121826172
0.0010006427764892578
0.0009999275207519531
0.0009965896606445312
0.002002716064453125
0.001024007797241211
0.0
0.0
0.0010013580322265625
0.0030019283294677734
0.0
0.006000041961669922
0.0009999275207519531
0.0
0.0009984970092773438
0.0010004043579101562
0.0010001659393310547
0.004010200500488281
0.0
0.0009992122650146484
0.0
0.0
0.0020003318786621094
0.008996009826660156
0.0029997825622558594
0.0
0.0019998550415039062
0.0
0.0019996166229248047
0.0010035037994384766
0.0010008811950683594
0.0009992122650146484
0.0040209293365478516
0.0010004043579101562
0.0
0.0
0.001001119613647461
0.0010001659393310547
0.000986337661743164
0.0
0.0029952526092529297
0.0
0.002002716064453125
0.0019981861114501953
0.0009837150573730469
0.002000093460083008
0.009017229080200195
0.001001119613647461
0.0030164718627929688
0.0009989738464355469
0.0010063648223876953
0.0
0.0020189285278320312
0.0
0.00099945068359375
0.0
