0.14399933815002441
0.372999906539917
0.15599894523620605
0.054997920989990234
0.025000572204589844
0.03301572799682617
0.02799820899963379
0.027996540069580078
0.07797527313232422
0.13301634788513184
0.10901093482971191
0.3449835777282715
0.04800748825073242
0.018001794815063477
0.018986225128173828
0.12298202514648438
0.1110079288482666
0.015981435775756836
0.05300116539001465
0.021006107330322266
0.11301589012145996
0.08299112319946289
0.06498599052429199
0.024999380111694336
0.06701350212097168
0.020998716354370117
0.021999597549438477
0.03401660919189453
0.04499936103820801
0.052996158599853516
0.03601241111755371
0.08901405334472656
0.12001729011535645
0.02199840545654297
0.07199907302856445
0.11000967025756836
0.028979778289794922
0.03300023078918457
0.09299993515014648
0.0910038948059082
0.0979921817779541
0.03400444984436035
0.05701732635498047
0.01201486587524414
0.028000354766845703
0.09201478958129883
0.08499693870544434
0.04800271987915039
0.1850285530090332
0.08999514579772949
0.07399678230285645
0.019017457962036133
0.06901192665100098
0.061981916427612305
0.2389993667602539
0.022998809814453125
0.03498435020446777
0.08099842071533203
0.02600574493408203
0.017000675201416016
0.09098601341247559
0.1469864845275879
0.08601164817810059
0.05300426483154297
0.1019906997680664
0.04198622703552246
0.04100990295410156
0.0569918155670166
0.05398201942443848
0.060999155044555664
0.0319981575012207
0.06700396537780762
0.04399752616882324
0.10996699333190918
0.05298471450805664
0.05900073051452637
0.1919865608215332
0.09104323387145996
0.04001903533935547
0.028980493545532227
0.04999995231628418
0.13601255416870117
0.03200173377990723
0.19901633262634277
0.06699109077453613
0.1890125274658203
0.03901553153991699
0.19599556922912598
0.5939836502075195
0.0730133056640625
0.08704090118408203
0.29800891876220703
0.06498527526855469
0.1170036792755127
0.046980857849121094
0.03899693489074707
0.16498494148254395
0.035018205642700195
0.04300093650817871
0.0940244197845459
0.12100005149841309
0.14401626586914062
0.04599905014038086
0.05598258972167969
0.33102917671203613
0.11199808120727539
0.12698101997375488
0.025999069213867188
0.05302238464355469
0.0520024299621582
0.025998353958129883
0.05199861526489258
0.10801315307617188
0.06500029563903809
0.04402589797973633
0.16698813438415527
0.060999393463134766
0.11501383781433105
0.05501818656921387
0.025998830795288086
0.16698622703552246
0.06900453567504883
0.040012359619140625
0.06499838829040527
0.026998281478881836
0.10400080680847168
0.051000356674194336
0.06600165367126465
0.036998748779296875
0.13399839401245117
0.020000219345092773
0.042996883392333984
0.12997722625732422
0.289003849029541
0.04499959945678711
0.0690155029296875
0.05401611328125
0.0200192928314209
0.054998159408569336
0.023988008499145508
0.041014671325683594
0.13699960708618164
0.24901366233825684
0.09297823905944824
0.016996383666992188
0.19700169563293457
0.04799985885620117
0.1500089168548584
0.024017810821533203
0.13000249862670898
0.03099989891052246
0.17303228378295898
0.04799222946166992
0.05701446533203125
0.03999686241149902
0.17301487922668457
0.037992000579833984
0.03001570701599121
0.15199065208435059
0.07601261138916016
0.06901407241821289
0.09099960327148438
0.21599054336547852
0.05598640441894531
0.07499933242797852
0.05199766159057617
0.09002542495727539
0.12601900100708008
0.12899422645568848
0.024001359939575195
0.03999972343444824
0.40651965141296387
0.0429844856262207
0.019014835357666016
0.13104629516601562
0.010999441146850586
0.1359724998474121
0.07802677154541016
0.09597969055175781
0.2000260353088379
0.11298847198486328
0.415999174118042
0.05900144577026367
0.07398319244384766
0.033998966217041016
0.09598422050476074
0.06298494338989258
0.0469965934753418
0.0839993953704834
0.11300969123840332
0.25606513023376465
0.1360008716583252
0.06099653244018555
0.19898366928100586
0.16499996185302734
0.03600001335144043
0.10601234436035156
0.24201655387878418
0.040017127990722656
0.3490140438079834
0.05399751663208008
0.04701685905456543
0.08600044250488281
0.03498101234436035
0.0809941291809082
0.029000282287597656
0.060982465744018555
0.06100010871887207
0.03703045845031738
0.04399919509887695
0.0570216178894043
0.11399722099304199
0.07701492309570312
0.07599735260009766
0.12801265716552734
0.023004770278930664
0.0280001163482666
0.14399933815002441
0.21206045150756836
0.10900139808654785
0.06300139427185059
0.014999866485595703
0.04001355171203613
0.11799979209899902
0.061004638671875
0.04399704933166504
0.3159976005554199
0.15198183059692383
0.023999452590942383
0.042016029357910156
0.126983642578125
0.028000593185424805
0.1530003547668457
0.02698516845703125
0.042014360427856445
0.04998970031738281
0.09199786186218262
0.026986122131347656
0.06499886512756348
0.050018310546875
0.046998023986816406
0.020984649658203125
0.020996809005737305
0.037999868392944336
0.0430142879486084
0.05098581314086914
0.020000934600830078
0.10300183296203613
0.09400081634521484
0.020999431610107422
0.06398558616638184
0.12398695945739746
0.08098101615905762
0.17098259925842285
0.07200193405151367
0.05698370933532715
0.02300119400024414
0.019999980926513672
0.1320180892944336
0.29599976539611816
0.08298182487487793
0.0980069637298584
0.04701399803161621
0.08999896049499512
0.09800148010253906
0.1489849090576172
0.08234357833862305
0.1620023250579834
0.0540010929107666
0.041985511779785156
0.04599905014038086
0.2870006561279297
0.09300088882446289
0.034002065658569336
0.020000696182250977
0.14400005340576172
0.07700181007385254
0.10100197792053223
0.018988847732543945
0.08101677894592285
0.07700157165527344
0.11299967765808105
0.10000300407409668
0.03201770782470703
0.026000261306762695
0.05049848556518555
0.051004886627197266
0.3339989185333252
0.04701352119445801
0.07798886299133301
0.020013809204101562
0.046016693115234375
0.023993968963623047
0.028995037078857422
0.018017292022705078
0.061985015869140625
0.16501140594482422
0.06499958038330078
0.17301607131958008
0.018981456756591797
0.0559844970703125
0.06401753425598145
0.07898187637329102
0.10999941825866699
0.07398271560668945
0.0690007209777832
0.1629636287689209
0.027019500732421875
0.0390167236328125
0.1309831142425537
0.030012845993041992
0.26398181915283203
0.11898422241210938
0.08498764038085938
0.03400778770446777
0.05504798889160156
0.06499481201171875
0.3139986991882324
0.027995824813842773
0.20499491691589355
0.1490011215209961
0.09801769256591797
0.02299642562866211
0.09998154640197754
0.05099964141845703
0.027192354202270508
0.04199337959289551
0.05199933052062988
0.017001867294311523
0.03501534461975098
0.3360147476196289
0.024999618530273438
0.09600830078125
0.029549121856689453
0.20999717712402344
0.043000221252441406
0.10198521614074707
0.03300023078918457
0.059981346130371094
0.1010580062866211
0.11898469924926758
0.04300093650817871
0.028981924057006836
0.03501105308532715
0.30899977684020996
0.31401848793029785
0.06601667404174805
0.027998685836791992
0.01599860191345215
0.19901609420776367
0.027988433837890625
0.05701398849487305
0.07497239112854004
0.02498626708984375
0.047003746032714844
0.07799816131591797
0.07998299598693848
0.08699440956115723
0.0189971923828125
0.01998305320739746
0.08005046844482422
0.09598255157470703
0.022983074188232422
0.1789994239807129
0.07300043106079102
0.13100099563598633
0.03600144386291504
0.04399871826171875
0.07198381423950195
0.03601956367492676
0.04599928855895996
0.03699302673339844
0.027985095977783203
0.023998737335205078
0.04998278617858887
0.04898667335510254
0.08806967735290527
0.013996124267578125
0.03198838233947754
0.05695819854736328
0.03899979591369629
0.07899928092956543
0.10899901390075684
0.19502520561218262
0.05502033233642578
0.03899979591369629
0.029998064041137695
0.07201409339904785
0.027000904083251953
0.051998138427734375
0.029999494552612305
0.02398848533630371
0.024997472763061523
0.21300482749938965
0.06798624992370605
0.06198000907897949
0.026996374130249023
0.06099677085876465
0.08699965476989746
0.055001258850097656
0.17102885246276855
0.06400084495544434
0.14499759674072266
0.04199361801147461
0.1169745922088623
0.10100364685058594
0.044999122619628906
0.04999256134033203
0.06100130081176758
0.11900901794433594
0.08403182029724121
0.13492727279663086
0.036998748779296875
0.09700918197631836
0.05401444435119629
0.14998555183410645
0.027999401092529297
0.03600263595581055
0.0429837703704834
0.0879831314086914
0.049011945724487305
0.06702709197998047
0.029983043670654297
0.01599860191345215
0.13700294494628906
0.09098982810974121
0.07000112533569336
0.08998847007751465
0.05798220634460449
0.041985273361206055
0.10999536514282227
0.13900423049926758
0.04401516914367676
0.015999317169189453
0.08698225021362305
0.0489957332611084
0.11698508262634277
0.016978979110717773
0.01400136947631836
0.021003246307373047
0.10098028182983398
0.03701424598693848
0.20598387718200684
0.14099907875061035
0.11298680305480957
0.06298637390136719
0.034009456634521484
0.11798667907714844
0.02898693084716797
0.047989606857299805
0.08299946784973145
0.0819854736328125
0.03799867630004883
0.1179814338684082
0.03601503372192383
0.1490011215209961
0.11799955368041992
0.044016122817993164
0.0570371150970459
0.05799984931945801
0.05899930000305176
0.08098840713500977
0.14904999732971191
0.03801536560058594
0.026999950408935547
0.05699586868286133
0.08599638938903809
0.09398436546325684
0.15601372718811035
0.1100010871887207
0.34003281593322754
0.014999151229858398
0.039000749588012695
0.023000478744506836
0.012998342514038086
0.06299614906311035
0.38300108909606934
0.18000173568725586
0.044983625411987305
0.021016836166381836
0.05399727821350098
0.050998687744140625
0.053017377853393555
0.03601694107055664
0.1269993782043457
0.027997732162475586
0.06598210334777832
0.11804676055908203
0.03200173377990723
0.07601618766784668
0.14900588989257812
0.026983022689819336
0.09598612785339355
0.07599854469299316
0.05299258232116699
0.024989604949951172
0.05599665641784668
0.02000260353088379
0.029996156692504883
0.02602100372314453
