5.222630500793457
6.673759698867798
1.0303170680999756
0.6317272186279297
0.47890567779541016
0.4193544387817383
0.4534740447998047
0.46016597747802734
0.518223762512207
2.328894853591919
0.5132083892822266
1.8462495803833008
0.47800445556640625
0.319629430770874
0.4547305107116699
1.2638919353485107
0.4609811305999756
0.34417057037353516
0.65956711769104
0.41388702392578125
1.3602032661437988
0.47512125968933105
0.6346850395202637
0.30666184425354004
0.44516873359680176
0.4320032596588135
0.3253195285797119
0.31812453269958496
0.47081732749938965
0.5175211429595947
1.0760509967803955
0.6704921722412109
0.7120888233184814
0.3280909061431885
0.5425629615783691
1.2284471988677979
0.4511139392852783
0.3344461917877197
0.6749553680419922
0.7303049564361572
0.4652543067932129
0.7507493495941162
0.47045135498046875
0.4271707534790039
0.3384873867034912
2.1746387481689453
0.6390669345855713
0.6371822357177734
1.2531490325927734
0.5073873996734619
0.4739205837249756
0.36386561393737793
3.033630132675171
0.5292878150939941
1.388833999633789
0.30298924446105957
0.5080113410949707
0.3238687515258789
0.517054557800293
0.31786561012268066
0.7030675411224365
0.6257617473602295
0.494945764541626
0.44757699966430664
2.575829029083252
0.7005453109741211
0.5102450847625732
0.34410643577575684
3.4441633224487305
0.7419953346252441
0.33499836921691895
0.7794351577758789
0.5122053623199463
0.680250883102417
0.6243476867675781
0.38653564453125
11.263079643249512
0.9884955883026123
0.46016478538513184
0.49317026138305664
0.4512214660644531
1.25716233253479
0.4217545986175537
2.2115349769592285
0.7558057308197021
6.176467418670654
0.32039904594421387
1.2312650680541992
0.5178098678588867
0.6443243026733398
5.52936863899231
1.170558214187622
0.6191308498382568
0.7362468242645264
0.442363977432251
1.0448172092437744
2.8913426399230957
1.1480040550231934
0.45007920265197754
2.9485883712768555
0.5318315029144287
0.5146820545196533
0.6745150089263916
2.172128200531006
1.9776949882507324
0.5569586753845215
1.934518814086914
0.34875917434692383
0.44647645950317383
0.46596455574035645
0.410402774810791
0.6370120048522949
1.3935136795043945
0.41608667373657227
0.4457380771636963
1.1899199485778809
0.40621113777160645
1.0989084243774414
1.2718281745910645
0.2974977493286133
9.447350263595581
0.4350249767303467
0.4980916976928711
0.3109102249145508
0.3446376323699951
0.4911363124847412
0.47579026222229004
0.4390237331390381
0.5358896255493164
0.4610474109649658
0.300870418548584
0.344409704208374
1.229966640472412
11.414261817932129
0.7053191661834717
1.3034584522247314
0.7529237270355225
0.7008380889892578
0.6570870876312256
0.3706831932067871
0.42011332511901855
1.3305587768554688
18.523348093032837
0.49056553840637207
0.4391350746154785
1.4287834167480469
1.2520420551300049
2.081526279449463
0.3369414806365967
0.47698235511779785
0.4960286617279053
0.5999653339385986
0.4580991268157959
0.9966366291046143
0.4611647129058838
3.0520598888397217
1.0541889667510986
0.45346927642822266
1.4299795627593994
0.6424429416656494
1.1021993160247803
0.4387388229370117
2.9426920413970947
0.32962870597839355
1.1722979545593262
1.0688724517822266
2.824563503265381
1.8815927505493164
0.48998069763183594
0.47919607162475586
0.5113091468811035
14.680363655090332
0.47643113136291504
0.3352541923522949
1.2687485218048096
0.2953071594238281
5.335101842880249
1.937147617340088
0.3562602996826172
0.5054745674133301
1.436232566833496
11.233124494552612
0.4639260768890381
0.4469742774963379
0.41938161849975586
1.9192736148834229
0.5138731002807617
4.375064373016357
1.514754056930542
0.5392632484436035
7.580979108810425
0.5920867919921875
1.2181980609893799
0.3479747772216797
1.4483201503753662
0.45500683784484863
0.47389984130859375
1.2340295314788818
1.585890769958496
22.480895280838013
0.6451032161712646
0.6059298515319824
1.0840697288513184
0.4374217987060547
0.5943136215209961
0.32509708404541016
0.505347728729248
0.48375988006591797
0.4321258068084717
0.4332146644592285
0.4566800594329834
1.1765894889831543
0.3458075523376465
0.4607381820678711
1.3321325778961182
0.42496418952941895
0.47702693939208984
1.3829345703125
6.940563917160034
0.47711920738220215
0.510028600692749
0.4104573726654053
0.31384968757629395
0.37613534927368164
0.46201372146606445
0.3619801998138428
0.6119987964630127
1.9476799964904785
0.4591684341430664
0.3527350425720215
4.279237985610962
0.468097448348999
1.7658367156982422
0.3570425510406494
0.3427586555480957
0.44818639755249023
0.31998205184936523
0.34468531608581543
0.46506762504577637
0.34514904022216797
0.7651276588439941
0.34912633895874023
0.45523667335510254
0.47281908988952637
0.6665217876434326
0.49327659606933594
0.8336009979248047
2.7676894664764404
1.360135555267334
0.43688440322875977
0.525341272354126
0.7421295642852783
0.4930911064147949
0.48091769218444824
0.6350445747375488
0.4862809181213379
0.3448469638824463
0.4707472324371338
2.9004361629486084
11.103671312332153
0.49362778663635254
1.4150869846343994
1.231102466583252
1.9267351627349854
1.0044207572937012
0.3422093391418457
1.4631259441375732
2.2985830307006836
0.7033233642578125
0.34811973571777344
0.3456265926361084
1.0942184925079346
0.708181619644165
0.3617110252380371
0.30807042121887207
4.9452128410339355
0.5866596698760986
0.9368607997894287
0.3363497257232666
0.6111109256744385
0.5829341411590576
0.5091004371643066
5.984837293624878
0.5004997253417969
0.35497355461120605
3.2473599910736084
0.4405021667480469
1.5114786624908447
0.6738150119781494
0.5071773529052734
0.41534948348999023
0.49381470680236816
0.3291492462158203
0.4479961395263672
0.3122892379760742
1.4090373516082764
2.8680458068847656
0.4628026485443115
6.582855224609375
0.32622337341308594
1.290595293045044
0.3139464855194092
3.2382075786590576
0.6024003028869629
0.4897325038909912
0.5088329315185547
0.7317166328430176
0.3072812557220459
0.4727351665496826
0.5122241973876953
0.3366215229034424
6.971573352813721
1.0383784770965576
1.1379709243774414
0.42685556411743164
1.1460120677947998
0.6386294364929199
2.9667556285858154
0.5280122756958008
7.16655707359314
0.46227121353149414
0.6851251125335693
0.4582486152648926
0.4970085620880127
0.5150470733642578
0.4713418483734131
0.4315762519836426
0.6980407238006592
0.32829833030700684
0.3195302486419678
0.4655635356903076
1.4899866580963135
0.4363062381744385
0.3301520347595215
3.419271230697632
0.34448909759521484
1.058586597442627
0.62795090675354
0.34993600845336914
0.8100907802581787
1.3451018333435059
0.6401100158691406
0.8905327320098877
0.5262994766235352
1.1681578159332275
1.5419886112213135
0.7247231006622314
0.6652610301971436
0.3240196704864502
2.312621831893921
1.2723548412322998
0.49886512756347656
1.142610788345337
0.42513489723205566
0.46900105476379395
0.4906165599822998
0.7160401344299316
2.0697555541992188
0.33806514739990234
0.5154156684875488
0.5129938125610352
3.025808334350586
0.323763370513916
0.6109545230865479
0.4853694438934326
2.2592766284942627
0.4681975841522217
0.4197242259979248
0.6481239795684814
0.4688682556152344
0.496509313583374
0.4389829635620117
0.47441935539245605
0.3089330196380615
0.8705952167510986
0.7048699855804443
1.2233498096466064
0.3565104007720947
0.5411372184753418
1.078613519668579
0.4460611343383789
1.2752983570098877
1.3620917797088623
2.908259153366089
0.4591805934906006
0.3581681251525879
0.6370542049407959
0.6518359184265137
0.4489428997039795
0.5067117214202881
0.5980284214019775
0.3196084499359131
0.4120016098022461
2.14635968208313
0.7077958583831787
0.3286926746368408
0.430539608001709
0.359407901763916
0.7542896270751953
0.3404073715209961
0.34701037406921387
0.621140718460083
0.721074104309082
0.326000452041626
2.8159170150756836
0.445204496383667
0.7132985591888428
0.43545961380004883
0.46677064895629883
2.751148223876953
0.7021675109863281
1.1364169120788574
0.47846388816833496
0.7056081295013428
0.3460390567779541
0.4616844654083252
0.43200182914733887
0.495424747467041
0.6187257766723633
0.42093658447265625
0.44486260414123535
1.2586076259613037
1.4910526275634766
0.613706111907959
1.4829015731811523
0.7362477779388428
0.4561946392059326
0.4180028438568115
0.44008946418762207
0.5395338535308838
3.7322654724121094
7.645358562469482
0.6178221702575684
0.3435676097869873
0.4510653018951416
0.43285250663757324
1.2958481311798096
0.3100700378417969
0.30353784561157227
0.35443997383117676
0.4537978172302246
0.4269595146179199
19.166197538375854
0.6487112045288086
1.7986106872558594
0.44913291931152344
0.5022907257080078
0.5488684177398682
0.5103116035461426
0.32419753074645996
0.4859457015991211
0.6270051002502441
0.7227225303649902
1.4423773288726807
0.3182864189147949
3.6583752632141113
0.49991822242736816
0.6343028545379639
0.34308528900146484
0.3418591022491455
0.6660661697387695
1.9474282264709473
0.4588916301727295
0.6637110710144043
0.3069639205932617
0.43508172035217285
1.2689647674560547
2.0715506076812744
2.2431514263153076
0.5662152767181396
2.1885440349578857
0.43799901008605957
1.284386157989502
0.3250877857208252
0.3431243896484375
0.33406901359558105
2.10254168510437
0.6462380886077881
0.4362146854400635
0.38138890266418457
0.5480232238769531
0.4735233783721924
0.6612434387207031
0.4899628162384033
1.8126866817474365
0.3119790554046631
0.717186450958252
0.669001579284668
0.4544963836669922
0.6636834144592285
2.8255794048309326
0.3700449466705322
1.485874891281128
0.49090123176574707
0.6991443634033203
0.3231163024902344
0.7071788311004639
0.31966066360473633
0.4684562683105469
0.3030884265899658
