0.20450282096862793
0.5300145149230957
0.24201464653015137
0.13998126983642578
0.06200718879699707
0.1321544647216797
0.09301137924194336
0.0930020809173584
0.11198973655700684
0.2610130310058594
0.20400047302246094
0.6220147609710693
0.11799836158752441
0.05000782012939453
0.06397557258605957
0.21601390838623047
0.257004976272583
0.05001115798950195
0.11498188972473145
0.04499053955078125
0.2590010166168213
0.1239924430847168
0.13900232315063477
0.0849456787109375
0.1879863739013672
0.04799914360046387
0.0559847354888916
0.06700015068054199
0.09201550483703613
0.11500120162963867
0.09597969055175781
0.0989990234375
0.2019648551940918
0.05799150466918945
0.14197993278503418
0.21038055419921875
0.07796382904052734
0.1059880256652832
0.1679990291595459
0.1499781608581543
0.12598371505737305
0.06998848915100098
0.11599278450012207
0.04397416114807129
0.07401633262634277
0.22696995735168457
0.1640021800994873
0.11996722221374512
0.31201648712158203
0.15950322151184082
0.18900084495544434
0.07597231864929199
0.12498903274536133
0.16596555709838867
0.5950162410736084
0.057996511459350586
0.08901405334472656
0.16896510124206543
0.07398653030395508
0.0509943962097168
0.16501331329345703
0.18901634216308594
0.1948230266571045
0.09199786186218262
0.1569967269897461
0.08298563957214355
0.12498617172241211
0.15201902389526367
0.12298107147216797
0.12498903274536133
0.058002471923828125
0.15497970581054688
0.09494423866271973
0.16803240776062012
0.0939943790435791
0.13099169731140137
0.33100128173828125
0.18700027465820312
0.0928049087524414
0.06399655342102051
0.12100958824157715
0.32448291778564453
0.0769953727722168
0.40400099754333496
0.1609961986541748
0.42999958992004395
0.08899688720703125
0.46700024604797363
0.9660148620605469
0.15299487113952637
0.22704195976257324
0.38802075386047363
0.15698647499084473
0.18300151824951172
0.12201690673828125
0.08699536323547363
0.2830169200897217
0.06697607040405273
0.10399556159973145
0.23102736473083496
0.23498821258544922
0.23797273635864258
0.08899617195129395
0.11001896858215332
0.4299736022949219
0.2115027904510498
0.26198911666870117
0.07794594764709473
0.10896944999694824
0.09098339080810547
0.11899399757385254
0.12298011779785156
0.1869971752166748
0.15398454666137695
0.11800098419189453
0.42899274826049805
0.15000128746032715
0.17703986167907715
0.1479663848876953
0.08196711540222168
0.2670001983642578
0.1329793930053711
0.09694719314575195
0.1709918975830078
0.052999019622802734
0.2358686923980713
0.14601349830627441
0.14398717880249023
0.074981689453125
0.27797794342041016
0.052992820739746094
0.09000635147094727
0.28401923179626465
0.5600156784057617
0.08898115158081055
0.1349940299987793
0.19399213790893555
0.042001962661743164
0.11800551414489746
0.04701519012451172
0.09399962425231934
0.31499266624450684
0.5609986782073975
0.16701889038085938
0.044991254806518555
0.35398173332214355
0.08798384666442871
0.2609071731567383
0.0719919204711914
0.20398783683776855
0.08101105690002441
0.33862853050231934
0.12400078773498535
0.12200307846069336
0.13899707794189453
0.39999985694885254
0.09300041198730469
0.08394432067871094
0.30401158332824707
0.17957568168640137
0.14301180839538574
0.21001291275024414
0.6509764194488525
0.21500802040100098
0.16901230812072754
0.11099815368652344
0.1930229663848877
0.20898079872131348
0.2760171890258789
0.08500480651855469
0.09096288681030273
0.7041473388671875
0.1000058650970459
0.05097389221191406
0.2610013484954834
0.04197549819946289
0.269028902053833
0.13898611068725586
0.1439955234527588
0.3415389060974121
0.27800846099853516
0.7479822635650635
0.12099790573120117
0.18801569938659668
0.076995849609375
0.2259969711303711
0.12901878356933594
0.11099934577941895
0.17197275161743164
0.1509723663330078
0.5264561176300049
0.25200414657592773
0.17401480674743652
0.4650115966796875
0.3139817714691162
0.11400842666625977
0.20400166511535645
0.43697667121887207
0.08500051498413086
0.621004581451416
0.09399914741516113
0.13695359230041504
0.18198895454406738
0.16703176498413086
0.1750040054321289
0.08596014976501465
0.08898067474365234
0.13596534729003906
0.07099199295043945
0.10395956039428711
0.1170034408569336
0.21996665000915527
0.09999418258666992
0.1689755916595459
0.28197240829467773
0.06296992301940918
0.05701494216918945
0.2969982624053955
0.512948751449585
0.14298415184020996
0.13001275062561035
0.048985958099365234
0.07600021362304688
0.157973051071167
0.15098214149475098
0.08099961280822754
0.6460182666778564
0.29001450538635254
0.04900527000427246
0.08796811103820801
0.2270197868347168
0.05300426483154297
0.349010705947876
0.07200217247009277
0.12099695205688477
0.0850071907043457
0.18998074531555176
0.058012962341308594
0.16293859481811523
0.08949995040893555
0.11398720741271973
0.04401373863220215
0.08698773384094238
0.061987876892089844
0.08698558807373047
0.1159813404083252
0.06294393539428711
0.19099664688110352
0.22398614883422852
0.042022705078125
0.13701438903808594
0.17702603340148926
0.12199616432189941
0.3199765682220459
0.13499665260314941
0.16300225257873535
0.06799697875976562
0.05051922798156738
0.3079812526702881
0.578995943069458
0.16501545906066895
0.15399742126464844
0.10102152824401855
0.18599891662597656
0.2269885540008545
0.2590041160583496
0.16199040412902832
0.26577281951904297
0.1390087604522705
0.14300894737243652
0.10699272155761719
0.5700247287750244
0.18701529502868652
0.09799337387084961
0.06899309158325195
0.27101635932922363
0.1710188388824463
0.23099541664123535
0.0359959602355957
0.2193150520324707
0.14499425888061523
0.23198604583740234
0.14100050926208496
0.06299519538879395
0.09598970413208008
0.12499809265136719
0.15100765228271484
0.571012020111084
0.09999704360961914
0.10505390167236328
0.05100297927856445
0.07198596000671387
0.05501198768615723
0.05402064323425293
0.08099722862243652
0.13100385665893555
0.4059770107269287
0.16694331169128418
0.31697821617126465
0.06096148490905762
0.16003060340881348
0.15899324417114258
0.14501476287841797
0.23397088050842285
0.15798473358154297
0.14001750946044922
0.3350255489349365
0.05498909950256348
0.10896539688110352
0.3779730796813965
0.11299991607666016
0.5480165481567383
0.22300982475280762
0.1610240936279297
0.07896280288696289
0.14942240715026855
0.14999151229858398
0.5769991874694824
0.08098697662353516
0.4119999408721924
0.37599992752075195
0.167985200881958
0.04401898384094238
0.2129960060119629
0.08901286125183105
0.06900310516357422
0.1159975528717041
0.13400745391845703
0.046991825103759766
0.08399534225463867
0.6130020618438721
0.06399726867675781
0.18998146057128906
0.06299519538879395
0.46199989318847656
0.12461471557617188
0.21498322486877441
0.0999760627746582
0.12001466751098633
0.16200876235961914
0.23801469802856445
0.15097451210021973
0.05602073669433594
0.09351706504821777
0.4929971694946289
0.48996782302856445
0.20703744888305664
0.0729975700378418
0.04751992225646973
0.3489847183227539
0.06763887405395508
0.11101174354553223
0.144012451171875
0.05599260330200195
0.09198522567749023
0.18497753143310547
0.15900158882141113
0.22200345993041992
0.03999972343444824
0.05201292037963867
0.17857694625854492
0.2150115966796875
0.06801009178161621
0.268998384475708
0.1379845142364502
0.2980015277862549
0.10198426246643066
0.08098745346069336
0.14400124549865723
0.08399271965026855
0.10301065444946289
0.09998822212219238
0.06699967384338379
0.09598612785339355
0.10200047492980957
0.11298298835754395
0.23399901390075684
0.040001630783081055
0.0800011157989502
0.12303328514099121
0.0979924201965332
0.13999724388122559
0.2109670639038086
0.31397414207458496
0.10696601867675781
0.0960080623626709
0.057982683181762695
0.1609821319580078
0.08494305610656738
0.10599589347839355
0.05499696731567383
0.0469973087310791
0.08100199699401855
0.3820161819458008
0.14307665824890137
0.15749883651733398
0.07100701332092285
0.18299651145935059
0.1839749813079834
0.10300159454345703
0.2905130386352539
0.13399338722229004
0.3660111427307129
0.07300090789794922
0.2705085277557373
0.19099712371826172
0.1229860782623291
0.13799166679382324
0.12749743461608887
0.2580075263977051
0.11699557304382324
0.27219152450561523
0.08697080612182617
0.18798208236694336
0.1339738368988037
0.2930121421813965
0.09078288078308105
0.11098456382751465
0.20696067810058594
0.19301390647888184
0.09602832794189453
0.10792779922485352
0.0730128288269043
0.04399561882019043
0.16601228713989258
0.1939849853515625
0.15599608421325684
0.22201085090637207
0.10941219329833984
0.10600972175598145
0.12300872802734375
0.2880136966705322
0.08499598503112793
0.0649709701538086
0.1380002498626709
0.10300445556640625
0.21799230575561523
0.030018091201782227
0.040013790130615234
0.055983781814575195
0.22301435470581055
0.08699321746826172
0.4590005874633789
0.2840006351470947
0.1730051040649414
0.153977632522583
0.09299921989440918
0.30098557472229004
0.09502410888671875
0.07001066207885742
0.17901349067687988
0.18698763847351074
0.07399797439575195
0.27302074432373047
0.10498762130737305
0.3139817714691162
0.24598431587219238
0.12499213218688965
0.09497380256652832
0.12561678886413574
0.11001229286193848
0.1649918556213379
0.30106472969055176
0.09999728202819824
0.053997039794921875
0.12197160720825195
0.15299725532531738
0.1790015697479248
0.2570028305053711
0.24799728393554688
0.6540229320526123
0.028000831604003906
0.08001279830932617
0.06101274490356445
0.02599954605102539
0.11700654029846191
0.9479734897613525
0.3639540672302246
0.1039884090423584
0.06498003005981445
0.18295621871948242
0.0989844799041748
0.10100674629211426
0.0844888687133789
0.24001526832580566
0.05500149726867676
0.14301037788391113
0.2080366611480713
0.08000588417053223
0.19597172737121582
0.4176604747772217
0.09100914001464844
0.21799421310424805
0.15892386436462402
0.11100959777832031
0.06659483909606934
0.12897729873657227
0.05696821212768555
0.08801698684692383
0.05298280715942383
