0.24699902534484863
0.42899584770202637
0.22251391410827637
0.07699060440063477
0.0479891300201416
0.058998823165893555
0.051042795181274414
0.04899883270263672
0.08800077438354492
0.2700009346008301
0.1999983787536621
0.5690159797668457
0.08500123023986816
0.04000210762023926
0.041989803314208984
0.20698142051696777
0.19700145721435547
0.025995731353759766
0.09200716018676758
0.03698158264160156
0.2569706439971924
0.09599995613098145
0.12801647186279297
0.04821419715881348
0.18590092658996582
0.036985158920288086
0.04201817512512207
0.08999943733215332
0.07401633262634277
0.10199236869812012
0.06402206420898438
0.10500359535217285
0.1849822998046875
0.04897356033325195
0.10299825668334961
0.18400263786315918
0.07097148895263672
0.11697959899902344
0.1490004062652588
0.12599396705627441
0.08599472045898438
0.07143998146057129
0.08899950981140137
0.01899576187133789
0.04199862480163574
0.1569983959197998
0.13300108909606934
0.08099865913391113
0.2599818706512451
0.15401673316955566
0.13901042938232422
0.04199576377868652
0.10000085830688477
0.10700178146362305
0.4429943561553955
0.03601503372192383
0.07302069664001465
0.13801908493041992
0.053995609283447266
0.04601097106933594
0.14498329162597656
0.15799736976623535
0.11398696899414062
0.07201933860778809
0.11800336837768555
0.06999039649963379
0.06699800491333008
0.07402181625366211
0.11300158500671387
0.12601661682128906
0.06098771095275879
0.11102676391601562
0.10598921775817871
0.18401455879211426
0.0749974250793457
0.09901595115661621
0.29700541496276855
0.1679832935333252
0.07200050354003906
0.06197524070739746
0.07900810241699219
0.22301554679870605
0.051999807357788086
0.42102956771850586
0.1329813003540039
0.33602070808410645
0.06655001640319824
0.37401652336120605
0.908013105392456
0.12600016593933105
0.14800000190734863
0.28395557403564453
0.1040046215057373
0.16499972343444824
0.08001232147216797
0.06298255920410156
0.30898380279541016
0.05800962448120117
0.08399462699890137
0.15801262855529785
0.18499493598937988
0.18901634216308594
0.07701587677001953
0.13901495933532715
0.540003776550293
0.16000127792358398
0.21398401260375977
0.05401349067687988
0.10201525688171387
0.08801507949829102
0.05699920654296875
0.09498429298400879
0.16499781608581543
0.11800026893615723
0.0889894962310791
0.3070495128631592
0.19599461555480957
0.21499300003051758
0.11100006103515625
0.045996665954589844
0.28202033042907715
0.1029963493347168
0.07199645042419434
0.0450131893157959
0.03991293907165527
0.1660168170928955
0.09000015258789062
0.13199806213378906
0.055999040603637695
0.23000001907348633
0.04401063919067383
0.12900829315185547
0.22601604461669922
0.4590117931365967
0.10201358795166016
0.0970008373260498
0.09199929237365723
0.03799939155578613
0.08502078056335449
0.041990041732788086
0.08400845527648926
0.27401018142700195
0.4499964714050293
0.1370067596435547
0.03399801254272461
0.32000088691711426
0.11400198936462402
0.29201173782348633
0.050006866455078125
0.236008882522583
0.05099964141845703
0.28298330307006836
0.11963415145874023
0.09897565841674805
0.08800077438354492
0.27501511573791504
0.04900169372558594
0.05663156509399414
0.3690297603607178
0.11197710037231445
0.13700509071350098
0.18296194076538086
0.4029991626739502
0.09801530838012695
0.15099811553955078
0.09100079536437988
0.15399599075317383
0.21000003814697266
0.22501564025878906
0.047998905181884766
0.08398938179016113
0.6609978675842285
0.08201050758361816
0.03199958801269531
0.2089831829071045
0.03199505805969238
0.18200182914733887
0.21000099182128906
0.14699864387512207
0.27699947357177734
0.2839779853820801
0.6949725151062012
0.0920112133026123
0.14598321914672852
0.08001422882080078
0.17051267623901367
0.10899925231933594
0.0839991569519043
0.17000198364257812
0.19100141525268555
0.4049992561340332
0.20200562477111816
0.10299444198608398
0.2929847240447998
0.29998135566711426
0.056998252868652344
0.20412135124206543
0.40600109100341797
0.08899569511413574
0.5300002098083496
0.13300418853759766
0.08299851417541504
0.13601136207580566
0.06600117683410645
0.11793923377990723
0.050989389419555664
0.10497713088989258
0.14698386192321777
0.05101323127746582
0.07001423835754395
0.11098504066467285
0.22701811790466309
0.0859839916229248
0.12402606010437012
0.22501564025878906
0.044995784759521484
0.05397987365722656
0.27100062370300293
0.3770134449005127
0.13199877738952637
0.12600040435791016
0.0340118408203125
0.06601500511169434
0.12698841094970703
0.1179969310760498
0.08002233505249023
0.4839956760406494
0.236985445022583
0.09197545051574707
0.07498955726623535
0.19800090789794922
0.06598329544067383
0.24701309204101562
0.05100059509277344
0.0729985237121582
0.07399797439575195
0.09200167655944824
0.06998705863952637
0.13099980354309082
0.0729990005493164
0.0860140323638916
0.07998442649841309
0.043998003005981445
0.08498430252075195
0.06803131103515625
0.10301828384399414
0.0729670524597168
0.1699838638305664
0.13201594352722168
0.058019161224365234
0.12199521064758301
0.12498116493225098
0.13397884368896484
0.24201536178588867
0.12599849700927734
0.09400010108947754
0.09498858451843262
0.040999412536621094
0.25300049781799316
0.5479960441589355
0.14597845077514648
0.1270139217376709
0.07901144027709961
0.18700695037841797
0.22800397872924805
0.15899991989135742
0.14804697036743164
0.20698928833007812
0.0950009822845459
0.1279911994934082
0.07999825477600098
0.4960145950317383
0.17000102996826172
0.053983211517333984
0.03899645805358887
0.21400022506713867
0.18299531936645508
0.1660146713256836
0.042981624603271484
0.13901472091674805
0.1069953441619873
0.19898414611816406
0.18698906898498535
0.053015708923339844
0.07697868347167969
0.12801051139831543
0.09001302719116211
0.553006649017334
0.09901642799377441
0.09299874305725098
0.03801584243774414
0.05702066421508789
0.03598594665527344
0.0709998607635498
0.03899526596069336
0.14299964904785156
0.28299880027770996
0.0805058479309082
0.31798315048217773
0.039994001388549805
0.09901928901672363
0.09599542617797852
0.16498494148254395
0.21300411224365234
0.10699629783630371
0.12398147583007812
0.28299951553344727
0.06099987030029297
0.07798242568969727
0.24099946022033691
0.053978919982910156
0.45299553871154785
0.19299888610839844
0.10900044441223145
0.08099794387817383
0.09301567077636719
0.12001514434814453
0.3849804401397705
0.05701589584350586
0.38701820373535156
0.287966251373291
0.10801863670349121
0.03899979591369629
0.1719980239868164
0.0839991569519043
0.048021793365478516
0.05700278282165527
0.08602237701416016
0.04401683807373047
0.0649876594543457
0.535999059677124
0.07997941970825195
0.12298393249511719
0.06499600410461426
0.3770260810852051
0.07601261138916016
0.17798566818237305
0.060971736907958984
0.12299871444702148
0.115020751953125
0.20401549339294434
0.07899999618530273
0.0339970588684082
0.07102108001708984
0.479996919631958
0.42299699783325195
0.13899827003479004
0.0509953498840332
0.02801966667175293
0.2980165481567383
0.0540003776550293
0.07799983024597168
0.1340177059173584
0.04199719429016113
0.06100344657897949
0.13300013542175293
0.12999176979064941
0.16900348663330078
0.025988101959228516
0.03998398780822754
0.11101126670837402
0.17901849746704102
0.04401397705078125
0.2760009765625
0.11899518966674805
0.260998010635376
0.06497573852539062
0.10099959373474121
0.12599873542785645
0.06200003623962402
0.07901334762573242
0.08397436141967773
0.04999351501464844
0.03400993347167969
0.09099411964416504
0.08199787139892578
0.1380002498626709
0.026016712188720703
0.05298757553100586
0.17302727699279785
0.07397818565368652
0.10001039505004883
0.21598315238952637
0.2539939880371094
0.07601666450500488
0.07199335098266602
0.07097792625427246
0.13101649284362793
0.04101419448852539
0.07799959182739258
0.05898261070251465
0.04798388481140137
0.040001869201660156
0.3240025043487549
0.11199617385864258
0.11499977111816406
0.06700611114501953
0.12800192832946777
0.0800011157989502
0.08600687980651855
0.32397913932800293
0.10799860954284668
0.2620127201080322
0.060999155044555664
0.20897698402404785
0.15901780128479004
0.07601642608642578
0.09199070930480957
0.12601661682128906
0.19403839111328125
0.13501286506652832
0.21904587745666504
0.0749979019165039
0.20000028610229492
0.09499573707580566
0.19899535179138184
0.05002164840698242
0.06400203704833984
0.07799768447875977
0.15601539611816406
0.08498311042785645
0.08801555633544922
0.04899954795837402
0.03896522521972656
0.15099573135375977
0.10345172882080078
0.12699627876281738
0.1609790325164795
0.10502338409423828
0.07199883460998535
0.11901640892028809
0.2016606330871582
0.06699466705322266
0.02898120880126953
0.09599494934082031
0.08098387718200684
0.1950700283050537
0.02699875831604004
0.026999235153198242
0.06299948692321777
0.21000003814697266
0.0775456428527832
0.35799646377563477
0.2110123634338379
0.18303465843200684
0.09401440620422363
0.06899166107177734
0.19600462913513184
0.052016496658325195
0.056976318359375
0.15199732780456543
0.14698147773742676
0.06699442863464355
0.19898176193237305
0.07199764251708984
0.3060145378112793
0.25400257110595703
0.07099246978759766
0.10199546813964844
0.07900261878967285
0.1129908561706543
0.16201472282409668
0.2771172523498535
0.06499624252319336
0.042995452880859375
0.09901237487792969
0.16397881507873535
0.14999818801879883
0.3229990005493164
0.22700071334838867
0.7341232299804688
0.021982908248901367
0.0729823112487793
0.04399585723876953
0.026017189025878906
0.10956025123596191
0.6784489154815674
0.26401615142822266
0.0760045051574707
0.06199455261230469
0.09399247169494629
0.10998249053955078
0.0909879207611084
0.06499648094177246
0.2650001049041748
0.04001045227050781
0.1199955940246582
0.17098259925842285
0.05999636650085449
0.12800145149230957
0.26799583435058594
0.05886721611022949
0.2229909896850586
0.18801379203796387
0.09299635887145996
0.045011281967163086
0.10699892044067383
0.03995943069458008
0.07102775573730469
0.04699826240539551
