0.04099893569946289
0.0950016975402832
0.06100320816040039
0.031968116760253906
0.02199554443359375
0.0299835205078125
0.03099822998046875
0.013000726699829102
0.03900551795959473
0.04599642753601074
0.03700137138366699
0.12899351119995117
0.01800060272216797
0.019980669021606445
0.01799607276916504
0.12496685981750488
0.05301403999328613
0.01200103759765625
0.029512882232666016
0.008012056350708008
0.051000356674194336
0.04498291015625
0.036965131759643555
0.02398848533630371
0.046011924743652344
0.008995294570922852
0.013002157211303711
0.03798818588256836
0.0169830322265625
0.043967247009277344
0.031986236572265625
0.026978254318237305
0.04600024223327637
0.029020309448242188
0.0280001163482666
0.03799843788146973
0.029021501541137695
0.03603363037109375
0.04199838638305664
0.04501461982727051
0.027982473373413086
0.02699565887451172
0.03098607063293457
0.00500035285949707
0.015000581741333008
0.04899334907531738
0.03497123718261719
0.027984619140625
0.06901311874389648
0.047983646392822266
0.027999162673950195
0.027967214584350586
0.025997400283813477
0.026999950408935547
0.10700511932373047
0.011996030807495117
0.019999265670776367
0.03599882125854492
0.021993398666381836
0.016000747680664062
0.049988746643066406
0.04000353813171387
0.04497861862182617
0.024006366729736328
0.02799534797668457
0.030987024307250977
0.03198838233947754
0.0429840087890625
0.022001028060913086
0.044988393783569336
0.01600813865661621
0.06096196174621582
0.03398418426513672
0.08694338798522949
0.018001317977905273
0.033989667892456055
0.08601689338684082
0.041970252990722656
0.027952194213867188
0.021981000900268555
0.02300262451171875
0.05599069595336914
0.024007797241210938
0.10097694396972656
0.02300405502319336
0.06798338890075684
0.017000198364257812
0.08197808265686035
0.1780095100402832
0.022011756896972656
0.03901529312133789
0.08149266242980957
0.02550959587097168
0.05800628662109375
0.02997112274169922
0.030015945434570312
0.06998991966247559
0.024004220962524414
0.03197050094604492
0.03599381446838379
0.06098747253417969
0.04599595069885254
0.027997970581054688
0.03996586799621582
0.105010986328125
0.06500983238220215
0.04601168632507324
0.023003101348876953
0.028000831604003906
0.02199530601501465
0.014997482299804688
0.031212806701660156
0.07296895980834961
0.02500128746032715
0.033967018127441406
0.07125568389892578
0.048967838287353516
0.052996158599853516
0.03201627731323242
0.023998737335205078
0.06497979164123535
0.02599024772644043
0.022001981735229492
0.023996591567993164
0.014000415802001953
0.04699134826660156
0.019016742706298828
0.030998945236206055
0.027980327606201172
0.05299997329711914
0.01697254180908203
0.04100775718688965
0.06699800491333008
0.09604001045227051
0.03494596481323242
0.021001338958740234
0.039011240005493164
0.011997461318969727
0.031998395919799805
0.018999576568603516
0.03895425796508789
0.05997109413146973
0.09700250625610352
0.03599810600280762
0.011000394821166992
0.10001444816589355
0.029995441436767578
0.0690000057220459
0.03396415710449219
0.05496358871459961
0.016994476318359375
0.056011199951171875
0.041015625
0.05096888542175293
0.0289764404296875
0.08697009086608887
0.014982461929321289
0.02700066566467285
0.08195281028747559
0.06202244758605957
0.0639798641204834
0.05604076385498047
0.08499860763549805
0.030001401901245117
0.03100442886352539
0.03699851036071777
0.044994354248046875
0.04399561882019043
0.056993961334228516
0.02301955223083496
0.03998303413391113
0.14382553100585938
0.03301095962524414
0.00800013542175293
0.05199408531188965
0.012005090713500977
0.038999319076538086
0.04199337959289551
0.03499794006347656
0.06299257278442383
0.05998587608337402
0.18099617958068848
0.03795814514160156
0.035016536712646484
0.022000789642333984
0.059957265853881836
0.03699994087219238
0.035959482192993164
0.034996747970581055
0.03898501396179199
0.10999536514282227
0.050997018814086914
0.05098271369934082
0.06699395179748535
0.08101630210876465
0.02299785614013672
0.051998138427734375
0.08199381828308105
0.03099989891052246
0.10701894760131836
0.030997276306152344
0.02301621437072754
0.03798365592956543
0.0206451416015625
0.04795384407043457
0.012995004653930664
0.0579681396484375
0.03398251533508301
0.026967287063598633
0.037946462631225586
0.01901388168334961
0.0959920883178711
0.019993066787719727
0.04694628715515137
0.0609898567199707
0.010000228881835938
0.024002790451049805
0.0660099983215332
0.07798624038696289
0.0450136661529541
0.028999805450439453
0.02496337890625
0.022969484329223633
0.04798388481140137
0.059967041015625
0.014981985092163086
0.10800981521606445
0.06899690628051758
0.020999431610107422
0.042999982833862305
0.06099081039428711
0.017991304397583008
0.07096457481384277
0.02600550651550293
0.032991647720336914
0.02798008918762207
0.03701663017272949
0.02899932861328125
0.026001930236816406
0.0149993896484375
0.032989501953125
0.03500986099243164
0.020998716354370117
0.01599574089050293
0.02399897575378418
0.04097890853881836
0.03000330924987793
0.06700444221496582
0.041983842849731445
0.020992755889892578
0.04300212860107422
0.04099082946777344
0.03198504447937012
0.06100058555603027
0.06498074531555176
0.02899169921875
0.02798604965209961
0.01999950408935547
0.050002098083496094
0.14402079582214355
0.057001590728759766
0.05499720573425293
0.01799774169921875
0.04598283767700195
0.04100346565246582
0.0299985408782959
0.029999971389770508
0.08299970626831055
0.021001338958740234
0.03400087356567383
0.03398466110229492
0.10500001907348633
0.05296587944030762
0.0320127010345459
0.01696920394897461
0.05699014663696289
0.05196833610534668
0.045000314712524414
0.019999980926513672
0.03400421142578125
0.03398609161376953
0.0470123291015625
0.09098982810974121
0.019995927810668945
0.019010066986083984
0.03298330307006836
0.03795313835144043
0.1289691925048828
0.033998727798461914
0.0310060977935791
0.01998591423034668
0.013014554977416992
0.011012554168701172
0.011001825332641602
0.012999296188354492
0.04396653175354004
0.061998605728149414
0.031982421875
0.06501889228820801
0.012992620468139648
0.02899479866027832
0.03099536895751953
0.03301668167114258
0.04898810386657715
0.03100419044494629
0.06299662590026855
0.06301021575927734
0.015997886657714844
0.015001058578491211
0.05699753761291504
0.014002084732055664
0.13998675346374512
0.08501291275024414
0.042998313903808594
0.02399444580078125
0.030971050262451172
0.034003257751464844
0.09499764442443848
0.03499889373779297
0.08296442031860352
0.046999454498291016
0.03096747398376465
0.017017364501953125
0.06194353103637695
0.03298759460449219
0.01100015640258789
0.013014793395996094
0.03499627113342285
0.0159759521484375
0.02801990509033203
0.09200596809387207
0.02097010612487793
0.03201103210449219
0.012991189956665039
0.07797384262084961
0.04094886779785156
0.05300092697143555
0.02402520179748535
0.0470128059387207
0.03499484062194824
0.05994868278503418
0.03395414352416992
0.009000062942504883
0.020974159240722656
0.1310131549835205
0.11500191688537598
0.03298640251159668
0.019002199172973633
0.007000446319580078
0.06099677085876465
0.020966053009033203
0.025000572204589844
0.04299640655517578
0.024985551834106445
0.03301358222961426
0.0399935245513916
0.04900336265563965
0.04598593711853027
0.008001565933227539
0.018977642059326172
0.03999686241149902
0.04199862480163574
0.028990983963012695
0.059995412826538086
0.039999961853027344
0.062001705169677734
0.030986309051513672
0.0280001163482666
0.029998779296875
0.02301168441772461
0.04095625877380371
0.035002708435058594
0.020005464553833008
0.007985830307006836
0.04499411582946777
0.04700422286987305
0.04301190376281738
0.013994932174682617
0.019986867904663086
0.04799771308898926
0.03299140930175781
0.022998809814453125
0.046019554138183594
0.061997175216674805
0.04498767852783203
0.0280001163482666
0.03400874137878418
0.043997764587402344
0.014977455139160156
0.017989158630371094
0.01999831199645996
0.02699732780456543
0.009998321533203125
0.08901333808898926
0.03998541831970215
0.02700066566467285
0.02299046516418457
0.047943115234375
0.03098130226135254
0.04100394248962402
0.05501961708068848
0.04297900199890137
0.06697797775268555
0.027981996536254883
0.06502103805541992
0.06998443603515625
0.0260007381439209
0.023014307022094727
0.05094289779663086
0.0460052490234375
0.05594635009765625
0.07200312614440918
0.017999649047851562
0.05099964141845703
0.047006845474243164
0.04599785804748535
0.009999275207519531
0.03899264335632324
0.03097701072692871
0.04197502136230469
0.017000198364257812
0.020984411239624023
0.010999917984008789
0.016028881072998047
0.0410008430480957
0.043993473052978516
0.043999433517456055
0.07696652412414551
0.030988693237304688
0.023998498916625977
0.03299856185913086
0.055002689361572266
0.0260159969329834
0.0060040950775146484
0.027021408081054688
0.01999378204345703
0.10501599311828613
0.005001544952392578
0.0179903507232666
0.02598857879638672
0.08401107788085938
0.024019479751586914
0.08000445365905762
0.05200362205505371
0.05799365043640137
0.03898930549621582
0.04002022743225098
0.06400823593139648
0.025998353958129883
0.03596854209899902
0.05399632453918457
0.042992591857910156
0.02301788330078125
0.04699540138244629
0.01900196075439453
0.05200004577636719
0.07197332382202148
0.02501535415649414
0.0329892635345459
0.028995513916015625
0.038016319274902344
0.037979841232299805
0.0969998836517334
0.0289914608001709
0.009889602661132812
0.04100513458251953
0.04901576042175293
0.06399822235107422
0.06199216842651367
0.05199790000915527
0.12200474739074707
0.0050013065338134766
0.024015188217163086
0.016962766647338867
0.004980802536010742
0.04096722602844238
0.14600396156311035
0.07703495025634766
0.030970096588134766
0.026950836181640625
0.018009185791015625
0.03598141670227051
0.032000064849853516
0.02201366424560547
0.04399847984313965
0.008010387420654297
0.026000261306762695
0.04799056053161621
0.029994487762451172
0.03300619125366211
0.05002093315124512
0.024977922439575195
0.10595440864562988
0.03899383544921875
0.025980234146118164
0.01498270034790039
0.02198004722595215
0.021997690200805664
0.03998827934265137
0.02896881103515625
