6.317099571228027
8.796509027481079
2.1239590644836426
1.3510453701019287
1.0356545448303223
1.0346214771270752
0.9347317218780518
1.0373334884643555
1.2380797863006592
3.562595844268799
1.4707891941070557
4.216494798660278
1.1140587329864502
0.7565746307373047
0.9156994819641113
2.4602696895599365
1.5670828819274902
0.7460484504699707
1.335603952407837
0.8157563209533691
2.672574758529663
1.2091381549835205
1.3869071006774902
0.8173410892486572
1.3191862106323242
0.8678164482116699
0.7549710273742676
0.9807331562042236
1.0968828201293945
1.2391295433044434
1.685523509979248
1.3950982093811035
1.667651891708374
0.7939295768737793
1.2442576885223389
2.243908405303955
1.0428791046142578
1.016059398651123
1.646627426147461
1.5251660346984863
1.213031530380249
1.421032190322876
1.1526355743408203
0.7931714057922363
0.8034191131591797
3.2103168964385986
1.4462969303131104
1.3222012519836426
2.5700130462646484
1.2707831859588623
1.326920747756958
0.8122034072875977
3.7506000995635986
1.2912333011627197
3.40496826171875
0.752159595489502
1.1109747886657715
1.2090072631835938
1.000936508178711
0.7439396381378174
1.6790761947631836
1.6197319030761719
1.320383071899414
1.1136095523834229
3.3521344661712646
1.3291187286376953
1.175750970840454
1.0998711585998535
4.177128553390503
1.5309484004974365
0.8402061462402344
1.5847504138946533
1.21999192237854
1.6060059070587158
1.2608509063720703
1.1226005554199219
12.712730646133423
1.959801435470581
1.1104052066802979
1.0449044704437256
1.0039091110229492
2.5067317485809326
0.9897322654724121
3.9345474243164062
1.5258114337921143
7.848076105117798
0.9653372764587402
2.962007761001587
3.705070734024048
1.4089484214782715
6.542186975479126
2.8858518600463867
1.353252649307251
1.6560077667236328
1.1299617290496826
1.6425859928131104
4.139408588409424
1.6388039588928223
1.1060411930084229
3.9799506664276123
1.6213726997375488
1.6027822494506836
1.350874423980713
2.948871374130249
3.9601054191589355
1.5114891529083252
3.2265241146087646
0.8200085163116455
1.1268882751464844
1.132131814956665
1.0015332698822021
1.349879264831543
2.3921477794647217
1.1450207233428955
1.1550381183624268
2.695772647857666
1.254866123199463
2.1628518104553223
2.0937485694885254
0.8676517009735107
10.857767581939697
1.2546861171722412
1.1410927772521973
1.0009829998016357
0.7790167331695557
1.5514817237854004
1.1535868644714355
1.2079615592956543
1.1247951984405518
1.7794041633605957
0.8186461925506592
0.9537687301635742
2.409881353378296
13.351408243179321
1.351818323135376
2.0094058513641357
1.5140628814697266
1.1115853786468506
1.3102080821990967
0.9001405239105225
1.0749895572662354
2.590276002883911
20.538958072662354
1.4042437076568604
0.8391218185424805
3.045523166656494
1.905888557434082
3.4744019508361816
0.8316619396209717
1.597893238067627
1.0610361099243164
2.0731725692749023
1.197610855102539
1.8271152973175049
1.1459665298461914
4.619039058685303
1.544102668762207
0.9597110748291016
2.811737298965454
1.4756126403808594
1.9160761833190918
1.3835124969482422
4.9547905921936035
1.1544673442840576
2.0573160648345947
1.7706854343414307
3.9561052322387695
2.9971110820770264
1.6697633266448975
1.0712268352508545
1.1529743671417236
17.244487524032593
1.1650760173797607
0.7372677326202393
2.4241323471069336
0.6750333309173584
6.439001083374023
2.9273104667663574
1.1889755725860596
1.8266277313232422
2.7002692222595215
13.951993227005005
1.1638705730438232
1.2909626960754395
1.0046699047088623
2.9645116329193115
1.2481269836425781
5.069653749465942
2.475064754486084
1.4161667823791504
9.521385669708252
1.6264972686767578
2.128162145614624
1.9109270572662354
2.8443286418914795
1.0716331005096436
1.4682838916778564
3.0186266899108887
2.225041389465332
24.760138273239136
1.3800249099731445
1.2689130306243896
1.9373304843902588
1.0975086688995361
1.51411771774292
0.8181123733520508
1.2450313568115234
1.2710213661193848
0.9429373741149902
1.0639615058898926
1.1297190189361572
2.242781162261963
1.0081446170806885
1.267256736755371
2.5281927585601807
0.8748483657836914
1.0131874084472656
2.6878108978271484
8.753684759140015
1.319486141204834
1.273991346359253
0.8293967247009277
0.8136518001556396
1.2240991592407227
1.3019537925720215
1.014329195022583
2.764622211456299
3.177096366882324
1.0141880512237549
0.9887785911560059
5.445117950439453
0.9367718696594238
3.099666118621826
0.8305976390838623
0.9392144680023193
1.0892117023468018
1.129556655883789
0.8352460861206055
1.2220089435577393
0.8610422611236572
1.438368558883667
0.8637869358062744
0.9391584396362305
1.0668549537658691
1.298619270324707
1.2251133918762207
1.3407795429229736
3.811781883239746
2.2616219520568848
0.872887134552002
1.2823467254638672
1.6204326152801514
1.2870936393737793
1.7857434749603271
1.4243054389953613
1.1401488780975342
0.9675512313842773
0.9822962284088135
4.130792856216431
13.363648414611816
1.3391022682189941
2.366318941116333
1.8544495105743408
3.067595958709717
2.15146803855896
1.3196773529052734
2.3602964878082275
3.4649012088775635
1.4356985092163086
1.0668916702270508
1.0458297729492188
3.2132468223571777
1.636944055557251
0.978093147277832
0.7599446773529053
6.10927414894104
1.4934184551239014
1.9793415069580078
0.754981517791748
1.5804884433746338
1.4585919380187988
1.4979724884033203
7.104896783828735
0.9596686363220215
0.9065301418304443
4.0703980922698975
1.1366698741912842
3.6267478466033936
1.4772632122039795
1.212047815322876
0.8283205032348633
0.9848225116729736
0.7755534648895264
0.9390153884887695
0.7512810230255127
2.2170870304107666
4.280890703201294
1.2182037830352783
8.072628736495972
0.7602925300598145
2.1263365745544434
1.0504934787750244
4.047224998474121
1.7212369441986084
1.2427480220794678
1.3647105693817139
2.101958990097046
0.8315269947052002
1.0947425365447998
1.8428678512573242
0.827268123626709
9.023495197296143
2.144455909729004
1.9118642807006836
0.9539792537689209
1.9824776649475098
1.4006433486938477
4.999012470245361
1.1211192607879639
8.857035636901855
1.8655130863189697
1.6092870235443115
0.8901607990264893
1.4607863426208496
1.2000539302825928
0.9065110683441162
1.0514276027679443
1.443925142288208
0.7511587142944336
0.8961365222930908
2.6323652267456055
2.0715081691741943
1.4342494010925293
0.8856842517852783
5.250030040740967
1.1111371517181396
2.024970769882202
1.2191472053527832
1.2180442810058594
1.6489455699920654
2.4438436031341553
1.3339414596557617
1.309537410736084
1.1456794738769531
3.0421106815338135
3.4847004413604736
1.567145586013794
1.231365442276001
0.7035837173461914
3.7560677528381348
1.8590688705444336
1.194779634475708
2.0437564849853516
0.8710007667541504
1.0843029022216797
1.3071708679199219
1.5339632034301758
3.0798187255859375
0.7516961097717285
0.9112706184387207
1.3622524738311768
4.045842409133911
0.8021368980407715
1.9277620315551758
1.2647931575775146
3.527392864227295
1.0820643901824951
1.0478415489196777
1.4290590286254883
1.0561323165893555
1.1012952327728271
1.0976295471191406
1.0430374145507812
0.7618985176086426
1.581491231918335
1.4121007919311523
2.1246047019958496
0.8572497367858887
1.1136255264282227
1.8894717693328857
1.081524133682251
2.0112407207489014
2.4308879375457764
4.28534460067749
1.0585527420043945
1.0011041164398193
1.2047779560089111
1.3448476791381836
0.9162888526916504
1.1270654201507568
1.053375005722046
0.7674167156219482
0.8491296768188477
3.708672046661377
1.4579601287841797
1.0761823654174805
1.0247986316680908
1.1870534420013428
1.5401222705841064
1.030052661895752
1.6485340595245361
1.3880517482757568
2.067986249923706
0.9203429222106934
3.9710564613342285
1.371983528137207
1.378309965133667
1.1322810649871826
1.230133056640625
4.030514717102051
1.3994255065917969
2.1774792671203613
1.072462797164917
1.7410221099853516
1.0544626712799072
1.676299810409546
0.9078030586242676
1.0623059272766113
1.3720495700836182
1.4010987281799316
1.091905117034912
2.0104928016662598
2.0318868160247803
1.1245026588439941
2.489239454269409
1.583601713180542
1.2903518676757812
1.2849831581115723
1.1444735527038574
1.165039300918579
4.523433685302734
8.831001043319702
1.2168946266174316
0.7455353736877441
1.1939167976379395
1.2015221118927002
2.4236557483673096
0.6620583534240723
0.7049770355224609
0.8104803562164307
1.5811443328857422
1.0581433773040771
20.93203043937683
1.8338203430175781
2.728065252304077
1.1810302734375
1.1402227878570557
1.719879388809204
1.106069803237915
0.855745792388916
1.365290880203247
1.515368938446045
1.2983601093292236
2.4923527240753174
0.8307685852050781
4.872608423233032
1.5771729946136475
1.2852787971496582
1.0320241451263428
1.0392680168151855
1.398954153060913
2.7884819507598877
1.8631339073181152
1.2786834239959717
0.8378231525421143
1.1303353309631348
2.269225835800171
2.9630606174468994
3.5659444332122803
1.5975232124328613
4.6772520542144775
0.8333249092102051
1.9088866710662842
0.7628951072692871
0.7102077007293701
1.0519981384277344
4.858006954193115
2.024024486541748
1.1124355792999268
0.856090784072876
1.2973973751068115
1.1518945693969727
1.3474230766296387
1.106264352798462
3.0003931522369385
0.7398455142974854
1.4521996974945068
1.727015495300293
1.065403699874878
1.5803983211517334
4.192286968231201
0.8778030872344971
2.6681997776031494
1.390629529953003
1.3924579620361328
0.7937355041503906
1.416257619857788
0.7749381065368652
1.0918467044830322
0.8464431762695312
