0.43796443939208984
0.6597533226013184
0.39714598655700684
0.39136576652526855
0.38680315017700195
0.3510868549346924
0.2712137699127197
0.38517117500305176
0.3898932933807373
0.49170660972595215
0.3975679874420166
0.6532230377197266
0.362046480178833
0.3009467124938965
0.30501699447631836
0.4824352264404297
0.4750688076019287
0.29089808464050293
0.37450504302978516
0.2859060764312744
0.5884494781494141
0.3640735149383545
0.3652336597442627
0.314530611038208
0.36714839935302734
0.3168168067932129
0.2926349639892578
0.4306056499481201
0.39405274391174316
0.39365243911743164
0.36643457412719727
0.3976106643676758
0.3935976028442383
0.29686641693115234
0.35071444511413574
0.4510838985443115
0.3698253631591797
0.372647762298584
0.4967002868652344
0.37285685539245605
0.3977999687194824
0.4508657455444336
0.3811955451965332
0.2840158939361572
0.2999441623687744
0.478640079498291
0.3782477378845215
0.3980104923248291
0.4748232364654541
0.29691648483276367
0.41599082946777344
0.26834917068481445
0.3799741268157959
0.38899755477905273
0.5921311378479004
0.3131847381591797
0.38001394271850586
0.44815564155578613
0.2969365119934082
0.29105377197265625
0.5010380744934082
0.44800448417663574
0.3703749179840088
0.4149935245513916
0.3583054542541504
0.390608549118042
0.38555026054382324
0.4147357940673828
0.4050006866455078
0.41293931007385254
0.3332040309906006
0.3903176784515381
0.41487765312194824
0.36276936531066895
0.38952159881591797
0.39408016204833984
0.4976668357849121
0.46130943298339844
0.39849257469177246
0.3648030757904053
0.26965808868408203
0.48506641387939453
0.37201690673828125
0.5659747123718262
0.3800013065338135
0.5986146926879883
0.40840625762939453
0.5847506523132324
0.48922181129455566
0.38063979148864746
0.4677245616912842
0.5978505611419678
0.3716394901275635
0.3687427043914795
0.3996157646179199
0.369767427444458
0.40209031105041504
0.2988014221191406
0.3849825859069824
0.477325439453125
0.46254682540893555
0.44409894943237305
0.4253654479980469
0.4087803363800049
0.5204131603240967
0.3850417137145996
0.6130509376525879
0.28130221366882324
0.3814096450805664
0.40717434883117676
0.3631412982940674
0.39968276023864746
0.4386723041534424
0.36294984817504883
0.40631580352783203
0.5105571746826172
0.36771130561828613
0.48093390464782715
0.4439375400543213
0.38419437408447266
0.5934133529663086
0.4736614227294922
0.4019961357116699
0.37610363960266113
0.2954885959625244
0.47846341133117676
0.3647651672363281
0.3869800567626953
0.3859221935272217
0.5753605365753174
0.37377429008483887
0.29634642601013184
0.44493842124938965
0.4960932731628418
0.3615458011627197
0.3759582042694092
0.3721499443054199
0.2897348403930664
0.3541548252105713
0.3914651870727539
0.38788461685180664
0.4507441520690918
0.5786130428314209
0.46468544006347656
0.2869999408721924
0.6107809543609619
0.36086082458496094
0.5799510478973389
0.30673885345458984
0.4739229679107666
0.37600183486938477
0.5765829086303711
0.3919546604156494
0.4724860191345215
0.3777956962585449
0.592984676361084
0.287933349609375
0.301577091217041
0.4487311840057373
0.39260101318359375
0.3799102306365967
0.3878157138824463
0.6111342906951904
0.411837100982666
0.4460000991821289
0.3938169479370117
0.6055359840393066
0.5075242519378662
0.4557504653930664
0.40108323097229004
0.36969876289367676
0.5720846652984619
0.4156465530395508
0.2879977226257324
0.48834753036499023
0.2797510623931885
0.4548985958099365
0.4851803779602051
0.3997199535369873
0.42658114433288574
0.5030612945556641
0.5879106521606445
0.37493252754211426
0.38401031494140625
0.36427855491638184
0.46674394607543945
0.39023828506469727
0.39662790298461914
0.48531341552734375
0.3729233741760254
0.6079010963439941
0.37840700149536133
0.5010054111480713
0.5150268077850342
0.5090329647064209
0.3786172866821289
0.41324639320373535
0.5836246013641357
0.3841440677642822
0.5872666835784912
0.4059329032897949
0.3679971694946289
0.39825892448425293
0.3604848384857178
0.47786951065063477
0.31002283096313477
0.4107213020324707
0.3893623352050781
0.31385135650634766
0.3617839813232422
0.36400341987609863
0.38825178146362305
0.3743932247161865
0.3685636520385742
0.477048397064209
0.3039131164550781
0.3661820888519287
0.4729182720184326
0.5981035232543945
0.39841794967651367
0.40200114250183105
0.28898072242736816
0.28880929946899414
0.3850371837615967
0.4350101947784424
0.42633843421936035
0.5626034736633301
0.46843504905700684
0.35898756980895996
0.373077392578125
0.5198667049407959
0.2996954917907715
0.47984766960144043
0.2905395030975342
0.29850292205810547
0.38605546951293945
0.3875751495361328
0.2995460033416748
0.36100339889526367
0.2813737392425537
0.38125014305114746
0.3226816654205322
0.30093860626220703
0.3900632858276367
0.3930699825286865
0.4148716926574707
0.30524206161499023
0.48309826850891113
0.38847851753234863
0.2860066890716553
0.3820011615753174
0.38932228088378906
0.4140434265136719
0.4898190498352051
0.3762631416320801
0.3039133548736572
0.3937995433807373
0.3710646629333496
0.47234034538269043
0.6319694519042969
0.3865180015563965
0.48625755310058594
0.36831045150756836
0.5889182090759277
0.510080099105835
0.37152624130249023
0.46477770805358887
0.4175443649291992
0.4123866558074951
0.3598668575286865
0.41925764083862305
0.6139955520629883
0.40180468559265137
0.38939762115478516
0.2979404926300049
0.45507359504699707
0.3997771739959717
0.47646331787109375
0.296642541885376
0.48502326011657715
0.49566197395324707
0.38591551780700684
0.5370640754699707
0.2871384620666504
0.3186466693878174
0.4505167007446289
0.3566172122955322
0.49129796028137207
0.4974327087402344
0.3868379592895508
0.2799718379974365
0.2999858856201172
0.31641387939453125
0.3220174312591553
0.2849867343902588
0.41506147384643555
0.48082590103149414
0.3938941955566406
0.5887999534606934
0.29413294792175293
0.4677121639251709
0.3795638084411621
0.37599921226501465
0.47985172271728516
0.37400150299072266
0.4528813362121582
0.5012311935424805
0.3602457046508789
0.37604522705078125
0.5096564292907715
0.274660587310791
0.5969083309173584
0.46110010147094727
0.36487817764282227
0.2961580753326416
0.4750349521636963
0.38698506355285645
0.6092946529388428
0.3791053295135498
0.5505030155181885
0.5075993537902832
0.49521780014038086
0.30287718772888184
0.38883209228515625
0.41499900817871094
0.272996187210083
0.3848299980163574
0.4248616695404053
0.29489803314208984
0.3545870780944824
0.564795732498169
0.3785722255706787
0.5419728755950928
0.3800029754638672
0.5977942943572998
0.461078405380249
0.3964049816131592
0.36522817611694336
0.4951190948486328
0.4077725410461426
0.45580196380615234
0.3698999881744385
0.2870051860809326
0.3878445625305176
0.41399502754211426
0.5777006149291992
0.3873426914215088
0.38910913467407227
0.27802515029907227
0.49744153022766113
0.39308953285217285
0.4178955554962158
0.4881594181060791
0.2889444828033447
0.3753340244293213
0.3715841770172119
0.38094258308410645
0.457003116607666
0.3116495609283447
0.2578756809234619
0.42265987396240234
0.468029260635376
0.3063778877258301
0.505831241607666
0.39842677116394043
0.4871368408203125
0.3649272918701172
0.36613035202026367
0.3999330997467041
0.3732616901397705
0.32178330421447754
0.387714147567749
0.39462780952453613
0.2890136241912842
0.4109358787536621
0.40024876594543457
0.38520026206970215
0.39874815940856934
0.3755378723144531
0.39489126205444336
0.37547779083251953
0.3829820156097412
0.4658191204071045
0.5041062831878662
0.2983973026275635
0.3939530849456787
0.367750883102417
0.2790031433105469
0.29236769676208496
0.36235809326171875
0.2843284606933594
0.29482316970825195
0.27612924575805664
0.5072777271270752
0.3730642795562744
0.3800077438354492
0.3902575969696045
0.3886909484863281
0.3938455581665039
0.3956468105316162
0.44898056983947754
0.39994192123413086
0.4669210910797119
0.37435317039489746
0.4696650505065918
0.37981200218200684
0.384000301361084
0.3848397731781006
0.37386131286621094
0.6193232536315918
0.2912437915802002
0.3158836364746094
0.37102818489074707
0.4864389896392822
0.36345887184143066
0.49696803092956543
0.29199790954589844
0.30494213104248047
0.3743550777435303
0.4771580696105957
0.3930172920227051
0.45695996284484863
0.37085747718811035
0.3828122615814209
0.49532222747802734
0.389965295791626
0.4162135124206543
0.3030083179473877
0.38598060607910156
0.37250566482543945
0.39014244079589844
0.4609866142272949
0.36209726333618164
0.28099608421325684
0.3868422508239746
0.4996926784515381
0.4737410545349121
0.27100682258605957
0.2994401454925537
0.27805042266845703
0.4723634719848633
0.3946366310119629
0.5928604602813721
0.48711514472961426
0.3789081573486328
0.36888742446899414
0.3859586715698242
0.47400927543640137
0.378734827041626
0.3075897693634033
0.40134167671203613
0.4114058017730713
0.36365628242492676
0.39600086212158203
0.27648282051086426
0.3762080669403076
0.37026381492614746
0.3740050792694092
0.38693737983703613
0.39185237884521484
0.3989098072052002
0.38202953338623047
0.5420145988464355
0.37294554710388184
0.39099931716918945
0.37029147148132324
0.5193259716033936
0.37958431243896484
0.4867715835571289
0.37931203842163086
0.601459264755249
0.3243420124053955
0.39750051498413086
0.28483033180236816
0.2940866947174072
0.3714101314544678
0.5528926849365234
0.4747800827026367
0.40226316452026367
0.29073095321655273
0.38842058181762695
0.3704233169555664
0.400191068649292
0.39977598190307617
0.499708890914917
0.2928462028503418
0.3710203170776367
0.48793888092041016
0.39296627044677734
0.4557685852050781
0.464000940322876
0.293917179107666
0.5063169002532959
0.40677356719970703
0.391357421875
0.31502199172973633
0.38907861709594727
0.3083229064941406
0.38538074493408203
0.38335704803466797
