0.003998279571533203
0.0029997825622558594
0.013988733291625977
0.004000186920166016
0.007031917572021484
0.007036924362182617
0.00397038459777832
0.0040018558502197266
0.010999679565429688
0.011973142623901367
0.008997917175292969
0.006998777389526367
0.00998377799987793
0.007994651794433594
0.02100396156311035
0.02699422836303711
0.004021406173706055
0.009989023208618164
0.006999015808105469
0.02198004722595215
0.007995367050170898
0.011006832122802734
0.004006147384643555
0.007967948913574219
0.00700831413269043
0.00700068473815918
0.010021686553955078
0.0019807815551757812
0.006954193115234375
0.0020101070404052734
0.017989158630371094
0.007997274398803711
0.007996082305908203
0.006999969482421875
0.015999555587768555
0.026973962783813477
0.0030226707458496094
0.004998683929443359
0.004999876022338867
0.013969898223876953
0.0049974918365478516
0.005999326705932617
0.00397801399230957
0.004004478454589844
0.004013776779174805
0.004999637603759766
0.003997802734375
0.022995948791503906
0.005999565124511719
0.0019996166229248047
0.0030145645141601562
0.009002923965454102
0.009001970291137695
0.0050084590911865234
0.005993843078613281
0.0019989013671875
0.011001110076904297
0.003998756408691406
0.035978078842163086
0.008999824523925781
0.01599574089050293
0.012992382049560547
0.0029993057250976562
0.009995698928833008
0.0020034313201904297
0.012992620468139648
0.005999326705932617
0.004999876022338867
0.0060198307037353516
0.009000778198242188
0.005958080291748047
0.022999286651611328
0.0019989013671875
0.008953332901000977
0.002999544143676758
0.001016378402709961
0.004019737243652344
0.03495478630065918
0.002000570297241211
0.002000093460083008
0.001978635787963867
0.011998414993286133
0.002999544143676758
0.00497746467590332
0.0029997825622558594
0.008974313735961914
0.008999347686767578
0.005000591278076172
0.015990018844604492
0.004000186920166016
0.010999679565429688
0.00400090217590332
0.01204228401184082
0.007014036178588867
0.014028310775756836
0.013013362884521484
0.002000570297241211
0.003998279571533203
0.004998207092285156
0.0030083656311035156
0.0050008296966552734
0.021993637084960938
0.005999565124511719
0.010000944137573242
0.006002902984619141
0.004998445510864258
0.00600123405456543
0.008000373840332031
0.0029997825622558594
0.015001535415649414
0.010992765426635742
0.005998849868774414
0.031012773513793945
0.004007577896118164
0.0070002079010009766
0.03099679946899414
0.005998134613037109
0.0030214786529541016
0.005971193313598633
0.013033390045166016
0.00599980354309082
0.0020017623901367188
0.00500178337097168
0.006998300552368164
0.003975391387939453
0.003999471664428711
0.0019989013671875
0.0029993057250976562
0.007037162780761719
0.004000186920166016
0.004000425338745117
0.013993978500366211
0.05697202682495117
0.0049784183502197266
0.0049822330474853516
0.007998228073120117
0.0050275325775146484
0.003995180130004883
0.0070018768310546875
0.006036520004272461
0.004999876022338867
0.0029985904693603516
0.0029726028442382812
0.027025938034057617
0.009989500045776367
0.023943662643432617
0.03401637077331543
0.003998756408691406
0.008962631225585938
0.016004562377929688
0.0249936580657959
0.008957624435424805
0.0019991397857666016
0.018007993698120117
0.01698613166809082
0.007978677749633789
0.0019998550415039062
0.005959033966064453
0.008001565933227539
0.005000591278076172
0.01105356216430664
0.0049991607666015625
0.00299835205078125
0.006999492645263672
0.013958215713500977
0.013000011444091797
0.0019979476928710938
0.0070002079010009766
0.005007743835449219
0.002999544143676758
0.0030231475830078125
0.003969669342041016
0.00600886344909668
0.002999544143676758
0.005000114440917969
0.004004240036010742
0.01598525047302246
0.023990869522094727
0.007018566131591797
0.0030002593994140625
0.003996372222900391
0.012998104095458984
0.005974531173706055
0.003000974655151367
0.015981435775756836
0.052976131439208984
0.005962848663330078
0.00996708869934082
0.00599980354309082
0.010999202728271484
0.003989219665527344
0.006997108459472656
0.014966011047363281
0.00500035285949707
0.0019989013671875
0.0019996166229248047
0.006991147994995117
0.0069849491119384766
0.0030002593994140625
0.007004261016845703
0.011003494262695312
0.008004903793334961
0.00500035285949707
0.003010272979736328
0.007669925689697266
0.00899815559387207
0.0029828548431396484
0.03252673149108887
0.024976253509521484
0.003000974655151367
0.03799939155578613
0.015997886657714844
0.0040283203125
0.004995822906494141
0.01300811767578125
0.0030105113983154297
0.004998922348022461
0.011969804763793945
0.004999399185180664
0.006030559539794922
0.003991127014160156
0.0019981861114501953
0.01197052001953125
0.006018400192260742
0.004000186920166016
0.020000457763671875
0.004997968673706055
0.004999637603759766
0.0069997310638427734
0.0020008087158203125
0.00599980354309082
0.011002063751220703
0.010013103485107422
0.009000539779663086
0.004979848861694336
0.006999969482421875
0.008008480072021484
0.005995035171508789
0.005999565124511719
0.002001047134399414
0.002994537353515625
0.009999752044677734
0.01596856117248535
0.01502370834350586
0.008032560348510742
0.002980947494506836
0.014050722122192383
0.017045259475708008
0.006045103073120117
0.003996849060058594
0.0020012855529785156
0.013015508651733398
0.0039751529693603516
0.0020148754119873047
0.011977195739746094
0.00500178337097168
0.009984254837036133
0.010997772216796875
0.0070002079010009766
0.010005712509155273
0.0019998550415039062
0.02099752426147461
0.008000850677490234
0.001978158950805664
0.0019953250885009766
0.002997875213623047
0.018994808197021484
0.02699422836303711
0.011015176773071289
0.006998777389526367
0.009047746658325195
0.0029981136322021484
0.009985208511352539
0.0019838809967041016
0.002997875213623047
0.004000425338745117
0.004001140594482422
0.005949258804321289
0.007003068923950195
0.0049974918365478516
0.006002187728881836
0.007009744644165039
0.006001472473144531
0.009978294372558594
0.037976741790771484
0.012968063354492188
0.009990215301513672
0.015993118286132812
0.008988618850708008
0.010000228881835938
0.0049839019775390625
0.005999565124511719
0.01199960708618164
0.0060002803802490234
0.0010001659393310547
0.014953851699829102
0.003996610641479492
0.0030007362365722656
0.0030002593994140625
0.0010001659393310547
0.006000041961669922
0.0029997825622558594
0.003997087478637695
0.011031627655029297
0.026968955993652344
0.002999544143676758
0.0020008087158203125
0.016019821166992188
0.003998517990112305
0.002998828887939453
0.0069959163665771484
0.04295086860656738
0.012021780014038086
0.009006261825561523
0.01898479461669922
0.008999824523925781
0.009998083114624023
0.0010037422180175781
0.01199960708618164
0.015027523040771484
0.0039920806884765625
0.0060002803802490234
0.008008003234863281
0.01600337028503418
0.010023355484008789
0.003000020980834961
0.0030143260955810547
0.0019958019256591797
0.001001596450805664
0.008992910385131836
0.004999637603759766
0.049997568130493164
0.005999088287353516
0.022997140884399414
0.005003690719604492
0.023946046829223633
0.02999591827392578
0.009991645812988281
0.008992671966552734
0.0060002803802490234
0.034006357192993164
0.003002643585205078
0.0019998550415039062
0.009999990463256836
0.007001161575317383
0.007024526596069336
0.0060007572174072266
0.0020041465759277344
0.008540868759155273
0.009027242660522461
0.002962350845336914
0.0030012130737304688
0.013006448745727539
0.0009989738464355469
0.002999544143676758
0.011018514633178711
0.006000041961669922
0.006997585296630859
0.0029706954956054688
0.014966249465942383
0.0030193328857421875
0.04300975799560547
0.006001710891723633
0.0020008087158203125
0.005028247833251953
0.008006572723388672
0.008985042572021484
0.009962320327758789
0.01600503921508789
0.004001140594482422
0.004972219467163086
0.007002353668212891
0.00600433349609375
0.0020003318786621094
0.027029752731323242
0.00800013542175293
0.005997657775878906
0.007989645004272461
0.008003473281860352
0.005998373031616211
0.003000497817993164
0.003997087478637695
0.0029997825622558594
0.006997585296630859
0.011001110076904297
0.003999233245849609
0.008000373840332031
0.002004384994506836
0.005017518997192383
0.05494856834411621
0.011999130249023438
0.0030095577239990234
0.011994361877441406
0.003999233245849609
0.0030002593994140625
0.007001638412475586
0.021991491317749023
0.011995553970336914
0.00996851921081543
0.008970975875854492
0.003999233245849609
0.004994630813598633
0.010963678359985352
0.017999649047851562
0.010000228881835938
0.007001161575317383
0.013998270034790039
0.002997159957885742
0.009999275207519531
0.018976688385009766
0.011005878448486328
0.007975339889526367
0.008999347686767578
0.008020401000976562
0.012990713119506836
0.005997896194458008
0.004994392395019531
0.003000020980834961
0.006000518798828125
0.0019996166229248047
0.00499725341796875
0.004000663757324219
0.008999824523925781
0.015991926193237305
0.005000114440917969
0.002003192901611328
0.010999202728271484
0.016000986099243164
0.004998683929443359
0.007002592086791992
0.0019986629486083984
0.005000114440917969
0.0029997825622558594
0.0029900074005126953
0.0019986629486083984
0.02196788787841797
0.007998943328857422
0.003002166748046875
0.0019989013671875
0.026976823806762695
0.024998903274536133
0.011023759841918945
0.0019996166229248047
0.0040035247802734375
0.010969161987304688
0.010036468505859375
0.0019953250885009766
0.014999628067016602
0.014998912811279297
0.004998922348022461
0.0009999275207519531
0.0010149478912353516
0.003000020980834961
0.003000497817993164
0.0019989013671875
0.0010001659393310547
0.005999565124511719
0.0020172595977783203
0.0039997100830078125
0.02000117301940918
0.05361652374267578
0.0039997100830078125
0.003000497817993164
0.003981351852416992
0.008000612258911133
0.0029990673065185547
0.009985923767089844
0.011016845703125
0.005999326705932617
0.0060346126556396484
0.013043403625488281
0.0839989185333252
0.004004240036010742
0.014011621475219727
0.00895833969116211
0.0039899349212646484
0.007031917572021484
0.005999326705932617
0.003998279571533203
0.003999233245849609
0.001998424530029297
0.003998517990112305
0.0019943714141845703
0.007997274398803711
0.008008956909179688
0.003999948501586914
0.001999378204345703
0.005997419357299805
0.018960237503051758
0.0039997100830078125
0.03995037078857422
0.0019991397857666016
0.0020008087158203125
0.008031606674194336
0.015000343322753906
0.007001638412475586
0.004996776580810547
0.0029807090759277344
0.0049991607666015625
0.012007951736450195
