0.0
0.002018451690673828
0.000965118408203125
0.0010004043579101562
0.0030007362365722656
0.0010292530059814453
0.001001596450805664
0.0009999275207519531
0.0020029544830322266
0.004000663757324219
0.0029997825622558594
0.0009996891021728516
0.0010001659393310547
0.0009996891021728516
0.006995677947998047
0.0019838809967041016
0.0009846687316894531
0.001999378204345703
0.0010018348693847656
0.002998828887939453
0.0
0.0009872913360595703
0.0010042190551757812
0.0019953250885009766
0.002997159957885742
0.0
0.0010008811950683594
0.0019872188568115234
0.002000570297241211
0.0009996891021728516
0.0049991607666015625
0.001997232437133789
0.0019998550415039062
0.0019991397857666016
0.003002643585205078
0.008020162582397461
0.0
0.002027273178100586
0.002999544143676758
0.004992485046386719
0.0009980201721191406
0.0009996891021728516
0.001981496810913086
0.0020017623901367188
0.001001596450805664
0.0010075569152832031
0.0010004043579101562
0.00900125503540039
0.0009996891021728516
0.0010194778442382812
0.0029959678649902344
0.0009763240814208984
0.002007007598876953
0.0020008087158203125
0.0
0.0039539337158203125
0.0020003318786621094
0.0010237693786621094
0.002999544143676758
0.0010025501251220703
0.00699925422668457
0.0010001659393310547
0.0020160675048828125
0.0
0.0009789466857910156
0.002957582473754883
0.002004384994506836
0.0030002593994140625
0.0029985904693603516
0.0020003318786621094
0.0
0.0020008087158203125
0.000997781753540039
0.001027822494506836
0.003953456878662109
0.0009725093841552734
0.0020170211791992188
0.0030019283294677734
0.0020034313201904297
0.0
0.001988649368286133
0.0019664764404296875
0.0010139942169189453
0.0009818077087402344
0.0019996166229248047
0.0049550533294677734
0.002014636993408203
0.0009996891021728516
0.0069887638092041016
0.0
0.0030155181884765625
0.0009975433349609375
0.0020034313201904297
0.0019865036010742188
0.0030040740966796875
0.003000497817993164
0.0009999275207519531
0.00099945068359375
0.0010027885437011719
0.002001523971557617
0.0
0.002000570297241211
0.0010020732879638672
0.0
0.001994609832763672
0.0030007362365722656
0.002999544143676758
0.0019998550415039062
0.0
0.0030019283294677734
0.0009989738464355469
0.004002571105957031
0.0019991397857666016
0.00400090217590332
0.0029997825622558594
0.001996755599975586
0.0029964447021484375
0.002000093460083008
0.0009682178497314453
0.002999544143676758
0.010002374649047852
0.0019562244415283203
0.003966093063354492
0.0010004043579101562
0.0009875297546386719
0.0010035037994384766
0.0010023117065429688
0.0019981861114501953
0.001001596450805664
0.0009984970092773438
0.0009996891021728516
0.002000093460083008
0.010028600692749023
0.001996755599975586
0.0
0.0009996891021728516
0.0009660720825195312
0.0020029544830322266
0.0030107498168945312
0.002002716064453125
0.001989126205444336
0.0009815692901611328
0.0020008087158203125
0.002997159957885742
0.0
0.0020160675048828125
0.004999876022338867
0.0
0.0010004043579101562
0.003015279769897461
0.002997875213623047
0.0010044574737548828
0.0019927024841308594
0.0019981861114501953
0.0020020008087158203
0.002000093460083008
0.002001523971557617
0.0020041465759277344
0.0020003318786621094
0.0020112991333007812
0.0010306835174560547
0.0030012130737304688
0.0029654502868652344
0.0019986629486083984
0.0020186901092529297
0.0
0.0009965896606445312
0.0009844303131103516
0.0009996891021728516
0.002000093460083008
0.003000020980834961
0.001964092254638672
0.0020020008087158203
0.0010001659393310547
0.0020172595977783203
0.002002716064453125
0.0029592514038085938
0.0040283203125
0.0019998550415039062
0.001001596450805664
0.001992940902709961
0.0019996166229248047
0.0020008087158203125
0.001979351043701172
0.0009891986846923828
0.007982015609741211
0.001005411148071289
0.0030188560485839844
0.0010006427764892578
0.0030007362365722656
0.0
0.0009930133819580078
0.0030040740966796875
0.0010006427764892578
0.0009915828704833984
0.002000570297241211
0.002028226852416992
0.0009996891021728516
0.0
0.0009996891021728516
0.0029876232147216797
0.0010218620300292969
0.0
0.0010199546813964844
0.001992464065551758
0.001999378204345703
0.0
0.0030002593994140625
0.00400090217590332
0.0009999275207519531
0.0029942989349365234
0.0
0.0010018348693847656
0.0020036697387695312
0.0009992122650146484
0.002999544143676758
0.0020003318786621094
0.0059850215911865234
0.0020194053649902344
0.002996683120727539
0.002019166946411133
0.0010008811950683594
0.0029985904693603516
0.0009992122650146484
0.0019989013671875
0.0019762516021728516
0.003002166748046875
0.002016305923461914
0.0020017623901367188
0.0020008087158203125
0.00400090217590332
0.0029764175415039062
0.0019986629486083984
0.0010004043579101562
0.0010056495666503906
0.002020120620727539
0.003000974655151367
0.002001047134399414
0.003000020980834961
0.0010008811950683594
0.0010013580322265625
0.001001119613647461
0.0019998550415039062
0.0009996891021728516
0.0
0.0009770393371582031
0.00299835205078125
0.0010027885437011719
0.00099945068359375
0.002002716064453125
0.0
0.003016233444213867
0.0029976367950439453
0.0
0.0029850006103515625
0.0030024051666259766
0.0
0.0029993057250976562
0.0009951591491699219
0.0009970664978027344
0.0
0.0010006427764892578
0.002039670944213867
0.0010004043579101562
0.0019991397857666016
0.0019550323486328125
0.0029997825622558594
0.003995418548583984
0.002997159957885742
0.0010013580322265625
0.0030035972595214844
0.0050008296966552734
0.002001047134399414
0.0010082721710205078
0.0010030269622802734
0.0019941329956054688
0.0010039806365966797
0.003010988235473633
0.000997781753540039
0.0010218620300292969
0.0010175704956054688
0.002000570297241211
0.0010006427764892578
0.0010170936584472656
0.003997325897216797
0.0029997825622558594
0.0019800662994384766
0.0019998550415039062
0.0010056495666503906
0.002997159957885742
0.00500035285949707
0.004007816314697266
0.002011537551879883
0.0
0.0010013580322265625
0.0019893646240234375
0.0009996891021728516
0.002001047134399414
0.0009984970092773438
0.000997304916381836
0.002945423126220703
0.002000093460083008
0.000997781753540039
0.0009999275207519531
0.005000114440917969
0.0010004043579101562
0.0010061264038085938
0.0029823780059814453
0.0
0.0009784698486328125
0.002019643783569336
0.0049991607666015625
0.0010154247283935547
0.00099945068359375
0.005043983459472656
0.0029802322387695312
0.004000663757324219
0.0010030269622802734
0.001999378204345703
0.002000093460083008
0.0009996891021728516
0.0009958744049072266
0.001999378204345703
0.002000093460083008
0.0010013580322265625
0.0
0.0009996891021728516
0.0009946823120117188
0.001001596450805664
0.002000093460083008
0.003000020980834961
0.001986980438232422
0.0009851455688476562
0.0009999275207519531
0.003000020980834961
0.004988193511962891
0.01100015640258789
0.005001544952392578
0.001989603042602539
0.003042936325073242
0.00500035285949707
0.0
0.002002716064453125
0.0009989738464355469
0.0019998550415039062
0.0009944438934326172
0.002019643783569336
0.0010006427764892578
0.004000425338745117
0.0019960403442382812
0.0020363330841064453
0.0020029544830322266
0.0010006427764892578
0.0010027885437011719
0.0009996891021728516
0.0040018558502197266
0.0019989013671875
0.001991748809814453
0.00099945068359375
0.0010025501251220703
0.0019989013671875
0.002018451690673828
0.0029997825622558594
0.0009527206420898438
0.0019996166229248047
0.0010004043579101562
0.002003908157348633
0.003986835479736328
0.004974842071533203
0.001031637191772461
0.0009999275207519531
0.006001472473144531
0.0019981861114501953
0.0
0.003998517990112305
0.0009808540344238281
0.0030050277709960938
0.0039975643157958984
0.0029997825622558594
0.001953125
0.0020017623901367188
0.0020017623901367188
0.0009999275207519531
0.002000570297241211
0.0019996166229248047
0.001994609832763672
0.0020024776458740234
0.0009996891021728516
0.001973867416381836
0.0030007362365722656
0.0029931068420410156
0.0020017623901367188
0.0010001659393310547
0.001001119613647461
0.002000570297241211
0.0010006427764892578
0.0009996891021728516
0.0
0.0019757747650146484
0.0009999275207519531
0.0010006427764892578
0.0029993057250976562
0.0009996891021728516
0.0030028820037841797
0.003998994827270508
0.0009996891021728516
0.0010018348693847656
0.0020034313201904297
0.001981496810913086
0.002998828887939453
0.0020012855529785156
0.0020020008087158203
0.003000020980834961
0.0010013580322265625
0.002001047134399414
0.0020313262939453125
0.003021717071533203
0.0010013580322265625
0.000993967056274414
0.0010008811950683594
0.0030214786529541016
0.0020003318786621094
0.0029664039611816406
0.0009999275207519531
0.0009992122650146484
0.001001596450805664
0.002999544143676758
0.0029973983764648438
0.0
0.0020003318786621094
0.0010013580322265625
0.0009975433349609375
0.002019643783569336
0.002003908157348633
0.0010302066802978516
0.004001140594482422
0.0010013580322265625
0.0
0.0010161399841308594
0.0029900074005126953
0.0010068416595458984
0.00099945068359375
0.0
0.0
0.0
0.0010066032409667969
0.0
0.0030002593994140625
0.005002498626708984
0.0010068416595458984
0.0
0.0
0.0009987354278564453
0.0010001659393310547
0.0009989738464355469
0.0
0.0030024051666259766
0.0
0.002000093460083008
0.002017498016357422
0.014993667602539062
0.00099945068359375
0.0010097026824951172
0.0019805431365966797
0.0029981136322021484
0.0010199546813964844
0.003006458282470703
0.004979848861694336
0.001001596450805664
0.001995086669921875
0.0010001659393310547
0.0070002079010009766
0.0010001659393310547
0.0020020008087158203
0.003003358840942383
0.0069844722747802734
0.0009999275207519531
0.0009846687316894531
0.0019996166229248047
0.0010001659393310547
0.0010004043579101562
0.0
0.0010006427764892578
0.0009982585906982422
0.0
0.0019974708557128906
0.0010149478912353516
0.0009911060333251953
0.0009987354278564453
0.00099945068359375
0.0020008087158203125
0.0
0.0010004043579101562
0.002996206283569336
0.004041194915771484
0.001996278762817383
0.002022266387939453
0.002993345260620117
0.008999109268188477
0.0019724369049072266
