0.0009951591491699219
0.0010006427764892578
0.001983165740966797
0.0
0.0019989013671875
0.0009984970092773438
0.0020003318786621094
0.0
0.0
0.001001596450805664
0.0029802322387695312
0.0
0.0
0.0009996891021728516
0.004001140594482422
0.0009999275207519531
0.0010304450988769531
0.0009980201721191406
0.0
0.0009984970092773438
0.0010001659393310547
0.0
0.0
0.0030007362365722656
0.0
0.0
0.0019998550415039062
0.002001047134399414
0.0
0.0009999275207519531
0.004003047943115234
0.0
0.0010001659393310547
0.0030012130737304688
0.0
0.0010046958923339844
0.0
0.001003265380859375
0.0009999275207519531
0.0020055770874023438
0.0010042190551757812
0.0
0.0009992122650146484
0.0
0.0
0.0009856224060058594
0.0
0.003999233245849609
0.0010004043579101562
0.0009987354278564453
0.0
0.0010170936584472656
0.002984762191772461
0.0
0.0
0.0
0.0010004043579101562
0.0009982585906982422
0.00799560546875
0.0
0.00301361083984375
0.0009996891021728516
0.0
0.001016855239868164
0.0009996891021728516
0.0010137557983398438
0.0020003318786621094
0.00099945068359375
0.0010006427764892578
0.009000062942504883
0.0
0.0010001659393310547
0.0009982585906982422
0.0
0.0009984970092773438
0.0
0.00101470947265625
0.01399993896484375
0.0
0.0
0.0
0.0009992122650146484
0.00400090217590332
0.0
0.0
0.0009999275207519531
0.0029859542846679688
0.0
0.0009915828704833984
0.0
0.014015436172485352
0.0
0.0
0.0010004043579101562
0.0
0.0
0.0
0.0
0.0009992122650146484
0.0
0.01100015640258789
0.004983186721801758
0.0
0.0
0.0009996891021728516
0.0019872188568115234
0.0019991397857666016
0.003999948501586914
0.0
0.0010006427764892578
0.0009999275207519531
0.002000570297241211
0.002001047134399414
0.0010111331939697266
0.0
0.014998912811279297
0.0
0.0019876956939697266
0.0
0.0020008087158203125
0.0
0.0
0.0009989738464355469
0.0
0.0019998550415039062
0.0
0.001001596450805664
0.001998424530029297
0.0
0.0010018348693847656
0.003002643585205078
0.0009999275207519531
0.0010006427764892578
0.0030128955841064453
0.00099945068359375
0.0
0.0009958744049072266
0.0049991607666015625
0.0
0.0
0.0009965896606445312
0.0009999275207519531
0.0
0.0030040740966796875
0.002002239227294922
0.003015279769897461
0.0019989013671875
0.0
0.001001596450805664
0.0010018348693847656
0.010001420974731445
0.0010025501251220703
0.0
0.001001596450805664
0.001001596450805664
0.0009987354278564453
0.0
0.0
0.0010006427764892578
0.0
0.0
0.0010013580322265625
0.0019996166229248047
0.0
0.002020120620727539
0.003999471664428711
0.0
0.006000041961669922
0.001996755599975586
0.000982522964477539
0.0009920597076416016
0.0
0.0
0.0
0.002004861831665039
0.001004934310913086
0.0020208358764648438
0.004006862640380859
0.0
0.0
0.0
0.0009791851043701172
0.0
0.0
0.001001119613647461
0.014986038208007812
0.0
0.0010004043579101562
0.0
0.0009949207305908203
0.0
0.0010001659393310547
0.0
0.0
0.0
0.0010027885437011719
0.0
0.0
0.0
0.004002094268798828
0.0010035037994384766
0.0030069351196289062
0.0009999275207519531
0.0
0.000997304916381836
0.0009949207305908203
0.0009989738464355469
0.004986286163330078
0.0010023117065429688
0.0010020732879638672
0.0019998550415039062
0.0
0.0010025501251220703
0.001020669937133789
0.004008054733276367
0.0029840469360351562
0.013996124267578125
0.0010001659393310547
0.0
0.0
0.0
0.0
0.001001596450805664
0.0009989738464355469
0.00099945068359375
0.001985311508178711
0.001999378204345703
0.0
0.002007722854614258
0.0009694099426269531
0.0030138492584228516
0.0010025501251220703
0.0
0.0009999275207519531
0.006001472473144531
0.0
0.0
0.0
0.0
0.0019989013671875
0.0
0.0009999275207519531
0.0010013580322265625
0.0009837150573730469
0.0
0.0
0.0010025501251220703
0.0010004043579101562
0.0
0.0019996166229248047
0.0
0.0020012855529785156
0.0
0.0
0.0010018348693847656
0.0009827613830566406
0.0
0.000982522964477539
0.000982522964477539
0.001001119613647461
0.0
0.001018524169921875
0.0009992122650146484
0.00099945068359375
0.0
0.0010039806365966797
0.009992837905883789
0.0019998550415039062
0.0040013790130615234
0.0
0.0
0.0
0.0
0.0009996891021728516
0.0009999275207519531
0.0009953975677490234
0.0010008811950683594
0.0
0.0
0.0009953975677490234
0.0009992122650146484
0.000982522964477539
0.0
0.0020024776458740234
0.0
0.0020012855529785156
0.0
0.0049991607666015625
0.00101470947265625
0.0010213851928710938
0.0010042190551757812
0.0010013580322265625
0.0030012130737304688
0.0009999275207519531
0.0
0.0
0.0010132789611816406
0.0020151138305664062
0.0019788742065429688
0.0
0.0010018348693847656
0.0
0.0
0.0010018348693847656
0.01600790023803711
0.0
0.0019953250885009766
0.005002498626708984
0.0
0.0009906291961669922
0.0009970664978027344
0.010999202728271484
0.0
0.001001596450805664
0.0
0.0
0.0
0.001997709274291992
0.0060007572174072266
0.003995656967163086
0.0
0.0
0.0010039806365966797
0.0
0.0010018348693847656
0.0009996891021728516
0.0
0.0
0.0009920597076416016
0.0
0.0009844303131103516
0.001979827880859375
0.002001523971557617
0.0
0.004015445709228516
0.002001047134399414
0.01999974250793457
0.0
0.0019979476928710938
0.0010001659393310547
0.0030019283294677734
0.0
0.0010013580322265625
0.0
0.001999378204345703
0.0
0.0
0.0
0.0010030269622802734
0.0009989738464355469
0.001016855239868164
0.0010025501251220703
0.0020012855529785156
0.001004934310913086
0.0
0.0009992122650146484
0.0
0.0010001659393310547
0.0
0.0
0.0
0.0010013580322265625
0.0009987354278564453
0.0
0.0
0.002001523971557617
0.0
0.0
0.0049991607666015625
0.0
0.0010042190551757812
0.0009953975677490234
0.0010018348693847656
0.00099945068359375
0.002000093460083008
0.00098419189453125
0.0
0.0009987354278564453
0.028995990753173828
0.0009996891021728516
0.0009999275207519531
0.001999378204345703
0.0039997100830078125
0.004998445510864258
0.002002716064453125
0.0
0.0010170936584472656
0.0
0.0010013580322265625
0.0049991607666015625
0.0
0.0010161399841308594
0.002002239227294922
0.0009987354278564453
0.0019838809967041016
0.0
0.003983736038208008
0.0009999275207519531
0.0
0.0
0.0
0.0010008811950683594
0.0
0.039999961853027344
0.00099945068359375
0.0
0.0020008087158203125
0.0010001659393310547
0.0
0.002003192901611328
0.002002239227294922
0.000982522964477539
0.00500798225402832
0.0019989013671875
0.000997781753540039
0.0
0.003999948501586914
0.00099945068359375
0.0029993057250976562
0.004002094268798828
0.0
0.0
0.0010006427764892578
0.0010004043579101562
0.0009999275207519531
0.0010018348693847656
0.002012014389038086
0.0010006427764892578
0.001001119613647461
0.00899958610534668
0.0
0.0
0.0009968280792236328
0.0020020008087158203
0.0
0.007001638412475586
0.0
0.0010013580322265625
0.0009975433349609375
0.0030167102813720703
0.0
0.0019996166229248047
0.0010175704956054688
0.0009996891021728516
0.0
0.0009996891021728516
0.0
0.00301361083984375
0.003002643585205078
0.0
0.0009999275207519531
0.0
0.0009987354278564453
0.0009989738464355469
0.0009982585906982422
0.0
0.00901341438293457
0.0
0.001001119613647461
0.0009987354278564453
0.0019991397857666016
0.0010001659393310547
0.0009937286376953125
0.0
0.0
0.0020143985748291016
0.0009832382202148438
0.0020012855529785156
0.0
0.0
0.0019998550415039062
0.006000041961669922
0.0
0.0009996891021728516
0.0
0.0009982585906982422
0.0009832382202148438
0.0009996891021728516
0.0
0.0020122528076171875
0.0010006427764892578
0.0009844303131103516
0.0010006427764892578
0.0009951591491699219
0.002000093460083008
0.0009999275207519531
0.0
0.0010035037994384766
0.0009999275207519531
0.0
0.00400853157043457
0.0
0.0009999275207519531
0.0
0.0009989738464355469
0.0010066032409667969
0.0010008811950683594
0.0010006427764892578
0.0010013580322265625
0.0009949207305908203
