0.036022186279296875
0.018999814987182617
0.06601595878601074
0.0630340576171875
0.0460047721862793
0.027001142501831055
0.02400946617126465
0.026996850967407227
0.08897209167480469
0.08199906349182129
0.06399893760681152
0.017001628875732422
0.05200314521789551
0.011999368667602539
0.31198692321777344
0.1269986629486084
0.027997970581054688
0.013000726699829102
0.01799774169921875
0.127058744430542
0.028995752334594727
0.054001808166503906
0.016981840133666992
0.07601809501647949
0.014995098114013672
0.029981374740600586
0.018996477127075195
0.03299760818481445
0.023998498916625977
0.03299999237060547
0.15202617645263672
0.030014753341674805
0.021979808807373047
0.15298199653625488
0.06401729583740234
0.14000487327575684
0.007014036178588867
0.015999317169189453
0.04299592971801758
0.09298181533813477
0.012000322341918945
0.03999757766723633
0.06300115585327148
0.012982606887817383
0.009996891021728516
0.038019418716430664
0.018000125885009766
0.055991411209106445
0.034017324447631836
0.051001548767089844
0.09398365020751953
0.07098197937011719
0.05099940299987793
0.011996984481811523
0.010999679565429688
0.024996042251586914
0.060047149658203125
0.026001453399658203
0.3280041217803955
0.03699898719787598
0.3750019073486328
0.054000139236450195
0.016983509063720703
0.06500363349914551
0.018999814987182617
0.055002450942993164
0.045000553131103516
0.011991739273071289
0.03297686576843262
0.18801331520080566
0.010992765426635742
0.013000249862670898
0.029036760330200195
0.035009145736694336
0.031983137130737305
0.01199960708618164
0.03498125076293945
0.1960160732269287
0.012999534606933594
0.01099538803100586
0.010000467300415039
0.040999650955200195
0.027999401092529297
0.015001058578491211
0.020999670028686523
0.09100532531738281
0.07103466987609863
0.03299975395202637
0.20399904251098633
0.030981063842773438
0.19802188873291016
0.01799941062927246
0.01599907875061035
0.028015613555908203
0.03298068046569824
0.025018930435180664
0.020006895065307617
0.014984130859375
0.047997474670410156
0.01500248908996582
0.04702925682067871
0.10300016403198242
0.03401684761047363
0.0170137882232666
0.027016162872314453
0.06798768043518066
0.07002496719360352
0.10801410675048828
0.004000663757324219
0.0709991455078125
0.03399944305419922
0.08500885963439941
0.022016525268554688
0.02702021598815918
0.05601310729980469
0.14599990844726562
0.043013572692871094
0.016012191772460938
0.033004045486450195
0.0670173168182373
0.05798506736755371
0.012015104293823242
0.082000732421875
0.020000457763671875
0.03698253631591797
0.010998964309692383
0.021997690200805664
0.09999775886535645
0.03598666191101074
0.005998849868774414
0.09600257873535156
0.049001216888427734
0.048995256423950195
0.11500024795532227
0.01799798011779785
0.012999534606933594
0.031003713607788086
0.07401871681213379
0.06101512908935547
0.013990402221679688
0.0370173454284668
0.022982358932495117
0.010000467300415039
0.04298543930053711
0.041290998458862305
0.14599823951721191
0.06597495079040527
0.013998985290527344
0.0859978199005127
0.05199623107910156
0.14400959014892578
0.028005123138427734
0.020000934600830078
0.027000904083251953
0.06400108337402344
0.03899550437927246
0.02700972557067871
0.019016265869140625
0.03199934959411621
0.01799917221069336
0.018016338348388672
0.10696744918823242
0.04500126838684082
0.0540003776550293
0.05997967720031738
0.05901837348937988
0.018999814987182617
0.10901784896850586
0.013000726699829102
0.015002965927124023
0.03402376174926758
0.011995315551757812
0.018017053604125977
0.015999317169189453
0.04599881172180176
0.03601646423339844
0.15785884857177734
0.08498549461364746
0.0440211296081543
0.0260012149810791
0.011999845504760742
0.054019927978515625
0.07798433303833008
0.022003889083862305
0.029994964599609375
0.44299864768981934
0.012998819351196289
0.002000093460083008
0.019560575485229492
0.13901805877685547
0.008998394012451172
0.01699519157409668
0.12701153755187988
0.010999917984008789
0.013004302978515625
0.027978181838989258
0.027989625930786133
0.012017250061035156
0.0009980201721191406
0.1029820442199707
0.04799938201904297
0.06198692321777344
0.021996498107910156
0.06599283218383789
0.022017955780029297
0.008990287780761719
0.019001483917236328
0.2590169906616211
0.01998448371887207
0.021984577178955078
0.052010297775268555
0.04900169372558594
0.02198481559753418
0.013979434967041016
0.05398082733154297
0.051999807357788086
0.126021146774292
0.042000532150268555
0.028995752334594727
0.03799700736999512
0.012002229690551758
0.028016090393066406
0.15600085258483887
0.019011259078979492
0.046001434326171875
0.10799717903137207
0.05901336669921875
0.008981466293334961
0.026001930236816406
0.011037111282348633
0.050000667572021484
0.03599119186401367
0.029981613159179688
0.03299975395202637
0.04398083686828613
0.01299905776977539
0.023000240325927734
0.012000799179077148
0.026998281478881836
0.04200267791748047
0.03501486778259277
0.022001266479492188
0.02399587631225586
0.020012617111206055
0.055998802185058594
0.030998945236206055
0.03997039794921875
0.06298494338989258
0.008984565734863281
0.052001237869262695
0.01100301742553711
0.13600373268127441
0.025000572204589844
0.011983633041381836
0.1289808750152588
0.041015625
0.029004335403442383
0.0959925651550293
0.023015260696411133
0.030002117156982422
0.012001276016235352
0.04298591613769531
0.010992288589477539
0.017016172409057617
0.030017614364624023
0.020995378494262695
0.30098867416381836
0.3090200424194336
0.14298725128173828
0.013984441757202148
0.012002706527709961
0.08498430252075195
0.022989749908447266
0.01699209213256836
0.06699967384338379
0.01800537109375
0.027998685836791992
0.03604316711425781
0.018999814987182617
0.03698396682739258
0.03801751136779785
0.08201885223388672
0.07800078392028809
0.04699850082397461
0.1680138111114502
0.06499505043029785
0.05500149726867676
0.035999298095703125
0.01098489761352539
0.09799718856811523
0.12400078773498535
0.019998788833618164
0.06699323654174805
0.03397822380065918
0.015000343322753906
0.004000425338745117
0.04799485206604004
0.06098508834838867
0.05200338363647461
0.00899958610534668
0.06499743461608887
0.03704118728637695
0.02797698974609375
0.09598255157470703
0.2969846725463867
0.042020320892333984
0.013998031616210938
0.20299768447875977
0.014999866485595703
0.0260009765625
0.08899736404418945
0.32300543785095215
0.11999750137329102
0.03400754928588867
0.02899932861328125
0.20501255989074707
0.021013736724853516
0.015002965927124023
0.09500360488891602
0.07400393486022949
0.016982078552246094
0.016018152236938477
0.031995534896850586
0.028002500534057617
0.03699755668640137
0.0279843807220459
0.021997690200805664
0.020000219345092773
0.017009973526000977
0.044014692306518555
0.03200054168701172
0.030000925064086914
0.02498316764831543
0.040997982025146484
0.10247659683227539
0.11996865272521973
0.3970000743865967
0.03898501396179199
0.05200076103210449
0.05800199508666992
0.1619861125946045
0.012998819351196289
0.03302168846130371
0.014999866485595703
0.02799677848815918
0.013987302780151367
0.026999950408935547
0.025995492935180664
0.03599834442138672
0.056997060775756836
0.048986196517944336
0.022996187210083008
0.03999638557434082
0.010999679565429688
0.008997917175292969
0.038008928298950195
0.017000436782836914
0.03300189971923828
0.015016317367553711
0.0379941463470459
0.06599926948547363
0.0189971923828125
0.06400179862976074
0.012980222702026367
0.01100015640258789
0.03300023078918457
0.03400254249572754
0.046015262603759766
0.2140026092529297
0.022034406661987305
0.028017044067382812
0.035016775131225586
0.06296896934509277
0.007997751235961914
0.13001251220703125
0.0010149478912353516
0.15102100372314453
0.02398967742919922
0.1710050106048584
0.05801129341125488
0.02600574493408203
0.06299614906311035
0.039999961853027344
0.05300545692443848
0.02296757698059082
0.02900242805480957
0.04300284385681152
0.011999130249023438
0.027994155883789062
0.3049921989440918
0.0560152530670166
0.01397562026977539
0.0769951343536377
0.03002190589904785
0.01800394058227539
0.018995046615600586
0.033011436462402344
0.1270003318786621
0.040000200271606445
0.0610201358795166
0.023999452590942383
0.018002033233642578
0.04999876022338867
0.17001724243164062
0.03098464012145996
0.020000457763671875
0.047998666763305664
0.023997783660888672
0.050980329513549805
0.0769965648651123
0.08099842071533203
0.048014163970947266
0.08400225639343262
0.028014421463012695
0.1269848346710205
0.04501509666442871
0.13001656532287598
0.03700065612792969
0.03998517990112305
0.02299809455871582
0.02900099754333496
0.04399681091308594
0.11254739761352539
0.029995203018188477
0.020999908447265625
0.03302884101867676
0.10957574844360352
0.05200052261352539
0.021999597549438477
0.09997987747192383
0.01200556755065918
0.02300715446472168
0.04100394248962402
0.04900002479553223
0.03600430488586426
0.1459970474243164
0.017998933792114258
0.019999980926513672
0.020997285842895508
0.24298334121704102
0.06400585174560547
0.05804038047790527
0.030984878540039062
0.01299595832824707
0.0009982585906982422
0.06699991226196289
0.025014877319335938
0.15400123596191406
0.1679997444152832
0.023000478744506836
0.022999286651611328
0.010000228881835938
0.02400374412536621
0.01699972152709961
0.0429997444152832
0.01601409912109375
0.1549832820892334
0.01898360252380371
0.026987075805664062
0.11399626731872559
0.03301525115966797
0.03698086738586426
0.03600168228149414
0.03900289535522461
0.07600140571594238
0.04498481750488281
0.012614250183105469
0.05798053741455078
0.020003557205200195
0.011000394821166992
0.05001401901245117
0.4369850158691406
0.019000530242919922
0.07199978828430176
0.023000478744506836
0.08300328254699707
0.006011962890625
0.02200937271118164
0.03599810600280762
0.11099958419799805
0.05900120735168457
0.062010765075683594
0.05700111389160156
0.015020608901977539
0.010001897811889648
0.022002458572387695
0.01301121711730957
0.05000758171081543
0.042017221450805664
0.015013933181762695
0.11800193786621094
0.05399775505065918
0.021999597549438477
0.024998903274536133
0.08700037002563477
0.051993370056152344
0.03242230415344238
0.01799631118774414
0.04596352577209473
0.02197575569152832
