0.5989980697631836
0.4681375026702881
0.6660394668579102
0.46541810035705566
0.9670441150665283
0.4906914234161377
0.6758773326873779
0.43480372428894043
0.5125465393066406
0.6234500408172607
1.9825351238250732
0.3398172855377197
0.4528319835662842
0.35727715492248535
2.0849921703338623
0.5074050426483154
0.5001604557037354
0.3437025547027588
0.2740006446838379
0.4629800319671631
0.45798778533935547
0.3197300434112549
0.34107398986816406
1.22688627243042
0.3115367889404297
0.32151007652282715
0.5816299915313721
0.5084707736968994
0.3386659622192383
0.3099839687347412
1.283951997756958
0.40674328804016113
0.45298242568969727
1.5404279232025146
0.3348219394683838
0.49189305305480957
0.2862887382507324
0.5949695110321045
0.49155235290527344
1.001882553100586
0.3140573501586914
0.3330037593841553
0.662947416305542
0.3196263313293457
0.3134114742279053
0.3405625820159912
0.4385716915130615
3.3382978439331055
0.4598429203033447
0.34940290451049805
0.472644567489624
0.38311195373535156
1.2373111248016357
0.32611870765686035
0.4350149631500244
0.3433244228363037
0.6926491260528564
0.46489477157592773
4.9025962352752686
0.5202741622924805
2.050008773803711
0.3480195999145508
0.3592836856842041
0.6116468906402588
0.4078085422515869
0.5718836784362793
0.7465577125549316
0.35922908782958984
0.5041508674621582
2.1816868782043457
0.3250153064727783
0.6463758945465088
0.5767524242401123
0.3212254047393799
0.3589801788330078
0.2780802249908447
0.48151111602783203
7.179577827453613
0.2937283515930176
0.320021390914917
0.32301759719848633
0.39221668243408203
1.9666743278503418
0.29238343238830566
0.30140185356140137
0.33724331855773926
1.7302162647247314
0.36277079582214355
0.6572511196136475
0.2859039306640625
4.42737078666687
0.48381900787353516
0.3791835308074951
0.31691431999206543
0.48818373680114746
0.4076199531555176
0.3079850673675537
0.31085681915283203
0.5245251655578613
0.3102912902832031
3.029693126678467
2.235006093978882
0.4449021816253662
0.48515748977661133
0.45412182807922363
1.5157873630523682
1.1679036617279053
2.0072152614593506
0.3002045154571533
0.5358638763427734
0.47385358810424805
0.629380464553833
0.7765040397644043
0.3544917106628418
0.39089393615722656
5.691219091415405
0.5056893825531006
1.27018141746521
0.48221611976623535
1.0909478664398193
0.46404457092285156
0.32978010177612305
0.6589412689208984
0.30938243865966797
0.7531418800354004
0.33156800270080566
0.5112848281860352
0.6689066886901855
0.33310818672180176
0.4193117618560791
1.5309290885925293
0.594975471496582
0.973290205001831
1.9860808849334717
0.6942846775054932
0.3294532299041748
0.41318845748901367
2.28033709526062
0.36138272285461426
0.4901251792907715
0.5419156551361084
0.6987731456756592
0.29105281829833984
1.1309142112731934
0.5235385894775391
0.7487573623657227
1.160555362701416
0.30202150344848633
0.6450152397155762
0.44101405143737793
4.898229122161865
0.3308382034301758
0.32955503463745117
0.5050661563873291
0.3599579334259033
0.5150163173675537
0.29944396018981934
0.3526005744934082
0.3332076072692871
0.31137633323669434
0.2688429355621338
0.3528738021850586
1.0679583549499512
0.35802650451660156
0.6496615409851074
1.29716157913208
0.31884336471557617
2.8316638469696045
1.107994794845581
0.4704451560974121
0.4993772506713867
0.3096277713775635
0.29952335357666016
0.3043851852416992
0.7932753562927246
0.34069037437438965
0.5222828388214111
1.3754870891571045
0.4530024528503418
0.32259154319763184
0.3020906448364258
0.6498970985412598
0.2987544536590576
0.29189109802246094
0.4560072422027588
7.880265235900879
0.32140064239501953
0.36811113357543945
0.36592555046081543
1.9024012088775635
0.3239893913269043
0.4646594524383545
0.33255505561828613
0.3020493984222412
0.2973763942718506
0.47961950302124023
0.4878995418548584
0.36373209953308105
0.3156108856201172
1.9141244888305664
0.4634852409362793
1.4791269302368164
0.29799699783325195
0.3100094795227051
0.46581077575683594
0.2955770492553711
0.6031889915466309
2.035914421081543
0.5836606025695801
0.4432032108306885
0.5152201652526855
0.32526683807373047
0.36422014236450195
0.49741125106811523
0.6795206069946289
1.083866834640503
6.635199546813965
0.4158620834350586
0.44849610328674316
0.4364025592803955
0.31226277351379395
0.32399725914001465
0.6563503742218018
0.44692420959472656
1.0506494045257568
1.1209080219268799
1.4133543968200684
0.34804224967956543
0.7407493591308594
0.3100707530975342
1.1742091178894043
0.48996901512145996
0.33968019485473633
0.6437938213348389
3.479982852935791
0.33708667755126953
0.3520338535308838
0.33160948753356934
0.32814478874206543
1.0532846450805664
0.4710390567779541
0.6070382595062256
0.676720142364502
0.42310166358947754
0.4927513599395752
0.4632418155670166
0.5066430568695068
0.34456348419189453
0.3604698181152344
0.5821812152862549
0.3099961280822754
1.054609775543213
0.3422229290008545
0.29277753829956055
0.37640833854675293
0.4912855625152588
0.33847761154174805
0.6623716354370117
0.3228781223297119
0.5155930519104004
0.45633912086486816
0.6075093746185303
0.33809876441955566
0.4659996032714844
0.3070189952850342
0.3584632873535156
6.113504886627197
0.9788525104522705
1.4528093338012695
0.31346821784973145
0.3246140480041504
0.46242308616638184
0.5252339839935303
0.4219520092010498
0.45679378509521484
0.35364222526550293
0.4891691207885742
0.3265693187713623
0.3520693778991699
0.467193603515625
0.6893930435180664
0.45084547996520996
0.6137068271636963
1.194814682006836
0.32804250717163086
0.7170515060424805
0.34380459785461426
2.933284282684326
0.44247937202453613
0.48680639266967773
1.2825722694396973
0.3376636505126953
1.3368158340454102
0.3220033645629883
0.3003678321838379
0.32802844047546387
0.48247504234313965
1.068035364151001
0.6232318878173828
0.3050060272216797
0.4962503910064697
0.34034252166748047
0.3121910095214844
0.6636488437652588
3.9961235523223877
0.2739870548248291
0.43975114822387695
2.626370668411255
0.30699944496154785
0.4638373851776123
0.7811188697814941
6.030357122421265
0.3367493152618408
0.51265549659729
0.4541482925415039
0.3525965213775635
0.414170503616333
0.5219852924346924
2.702936887741089
1.2156896591186523
0.3162839412689209
0.3640320301055908
0.493654727935791
0.37636733055114746
0.46999239921569824
0.5904560089111328
0.3140079975128174
0.31601977348327637
0.33478808403015137
0.3009464740753174
0.31208181381225586
0.4940197467803955
0.5456948280334473
0.3333449363708496
1.822014331817627
0.766676664352417
10.813610315322876
0.3368806838989258
1.1954164505004883
0.48151588439941406
1.5129213333129883
0.3495640754699707
0.5926859378814697
0.35477542877197266
1.2955527305603027
0.3146212100982666
0.34194207191467285
0.27142858505249023
0.46793222427368164
0.34137916564941406
0.478198766708374
0.2975001335144043
0.9374666213989258
0.3223111629486084
0.35654163360595703
0.47636985778808594
0.3280649185180664
0.48973774909973145
0.33573293685913086
0.4340188503265381
0.31580543518066406
0.468214750289917
0.46773624420166016
0.36218976974487305
0.31130313873291016
0.4549996852874756
0.33536672592163086
0.3024783134460449
2.225755453109741
0.3587319850921631
1.07462739944458
0.6891336441040039
0.47459888458251953
0.4470095634460449
0.5465226173400879
0.4711472988128662
0.49591064453125
0.3357682228088379
14.23365330696106
0.3715207576751709
0.5018289089202881
1.036106824874878
2.170020818710327
2.530189275741577
0.7267532348632812
0.3427736759185791
0.41463613510131836
0.2693490982055664
0.5418052673339844
3.18019962310791
0.3329010009765625
0.3708364963531494
0.7632565498352051
0.6420869827270508
0.6574349403381348
0.3186006546020508
2.2375597953796387
0.6079964637756348
0.3237123489379883
0.3255038261413574
0.3172180652618408
0.335526704788208
0.3289613723754883
19.994792222976685
0.3627030849456787
0.3543686866760254
0.6729049682617188
0.4528653621673584
0.3782055377960205
0.6933529376983643
0.6917006969451904
0.48099851608276367
1.1953985691070557
1.4658000469207764
0.6928074359893799
0.2945742607116699
2.9885776042938232
0.3029823303222656
1.9449269771575928
2.1424007415771484
0.43674635887145996
0.3251676559448242
0.46407294273376465
0.6427414417266846
0.3302445411682129
0.43218374252319336
0.666231632232666
0.48270273208618164
0.43091440200805664
2.191992998123169
0.3070189952850342
0.37400126457214355
0.4459965229034424
0.4880039691925049
0.38585472106933594
3.7514641284942627
0.41688036918640137
0.31522488594055176
0.4480552673339844
2.1819143295288086
0.4527451992034912
1.3554508686065674
0.49686694145202637
0.3439455032348633
0.29540348052978516
0.47473883628845215
0.316023588180542
1.8715596199035645
1.3987019062042236
0.48519420623779297
0.47452688217163086
0.3261532783508301
0.4300997257232666
0.3437199592590332
0.32206034660339355
0.3121943473815918
4.577350378036499
0.41118717193603516
0.5233571529388428
0.46587061882019043
0.7189176082611084
0.335829496383667
0.49845123291015625
0.3312723636627197
0.328967809677124
1.2387406826019287
0.5295231342315674
0.6926519870758057
0.43899989128112793
0.38851261138916016
0.6937720775604248
2.94350266456604
0.3493974208831787
0.3447396755218506
0.45733094215393066
0.475985050201416
0.299849271774292
0.4230029582977295
0.29654550552368164
0.48233771324157715
0.35300159454345703
0.5060057640075684
0.30800461769104004
0.5140092372894287
0.6329994201660156
0.5181269645690918
0.3095993995666504
0.30570197105407715
0.6195414066314697
0.28731846809387207
2.006805181503296
0.29605674743652344
0.29529786109924316
0.3252682685852051
0.46095848083496094
0.4530613422393799
0.6767897605895996
0.48996424674987793
0.29988694190979004
0.3100433349609375
