0.10399985313415527
0.06497669219970703
0.21899700164794922
0.15701508522033691
0.1029658317565918
0.09498119354248047
0.05000185966491699
0.062020301818847656
0.1480245590209961
0.20200157165527344
0.15398287773132324
0.06397080421447754
0.10400104522705078
0.03199481964111328
0.3810257911682129
0.2530078887939453
0.061990976333618164
0.04494357109069824
0.038995981216430664
0.2280120849609375
0.058005332946777344
0.11299872398376465
0.038014888763427734
0.1459963321685791
0.06399130821228027
0.09799361228942871
0.04000210762023926
0.07997798919677734
0.0659785270690918
0.07799696922302246
0.3690299987792969
0.09898829460144043
0.05701732635498047
0.32399868965148926
0.1359710693359375
0.2639782428741455
0.020983457565307617
0.03998303413391113
0.10195183753967285
0.19901657104492188
0.039012908935546875
0.0839998722076416
0.1310117244720459
0.04201817512512207
0.03999471664428711
0.06257939338684082
0.042996883392333984
0.13400745391845703
0.06299948692321777
0.10096144676208496
0.2570161819458008
0.19102978706359863
0.17700910568237305
0.04099774360656738
0.020000457763671875
0.11200881004333496
0.10801196098327637
0.06298136711120605
0.5860006809234619
0.08699488639831543
0.6369853019714355
0.052007198333740234
0.053984642028808594
0.14499855041503906
0.04502081871032715
0.1459965705871582
0.09495997428894043
0.0500187873840332
0.10396480560302734
0.33399486541748047
0.03700733184814453
0.025999784469604492
0.05999946594238281
0.09200167655944824
0.09200739860534668
0.03599262237548828
0.09397482872009277
0.42298269271850586
0.024994611740112305
0.01699972152709961
0.026015758514404297
0.11701178550720215
0.06898355484008789
0.04301190376281738
0.06796956062316895
0.11201310157775879
0.14097023010253906
0.07398128509521484
0.43100643157958984
0.06199169158935547
0.371981143951416
0.07399821281433105
0.04099464416503906
0.08100342750549316
0.08803653717041016
0.11429548263549805
0.059995174407958984
0.04398322105407715
0.10999917984008789
0.042989253997802734
0.08898377418518066
0.1999988555908203
0.06699728965759277
0.028984785079956055
0.07799959182739258
0.10902810096740723
0.1600327491760254
0.21300220489501953
0.013013362884521484
0.13899993896484375
0.07300257682800293
0.2510035037994385
0.04997539520263672
0.06398224830627441
0.14600419998168945
0.26398396492004395
0.10599565505981445
0.0399775505065918
0.07700872421264648
0.15999746322631836
0.14104080200195312
0.049988746643066406
0.18397808074951172
0.04898667335510254
0.061012983322143555
0.0369877815246582
0.04699873924255371
0.12298369407653809
0.09498882293701172
0.013000011444091797
0.209977388381958
0.1229867935180664
0.08598566055297852
0.2610025405883789
0.0370025634765625
0.031990766525268555
0.07538008689880371
0.15999555587768555
0.18396759033203125
0.04606366157531738
0.11878299713134766
0.0450139045715332
0.035013437271118164
0.1310110092163086
0.07398772239685059
0.22699880599975586
0.16099977493286133
0.03699660301208496
0.1869661808013916
0.13697290420532227
0.2209641933441162
0.06698966026306152
0.06999945640563965
0.08297157287597656
0.13899755477905273
0.07901430130004883
0.0729982852935791
0.07904529571533203
0.10799956321716309
0.04298663139343262
0.0489656925201416
0.2729954719543457
0.10196805000305176
0.12099647521972656
0.07799863815307617
0.09799885749816895
0.04501223564147949
0.2800004482269287
0.036002397537231445
0.07399773597717285
0.07196784019470215
0.05699419975280762
0.07698464393615723
0.054982900619506836
0.08597922325134277
0.10398483276367188
0.2822442054748535
0.14998126029968262
0.09799814224243164
0.07099413871765137
0.0450139045715332
0.11298346519470215
0.13176441192626953
0.07499289512634277
0.07900333404541016
1.0100178718566895
0.04598808288574219
0.004000425338745117
0.048975467681884766
0.3859708309173584
0.01900029182434082
0.05099916458129883
0.23500847816467285
0.025000572204589844
0.05600118637084961
0.09396624565124512
0.08797121047973633
0.027972698211669922
0.005002498626708984
0.2090156078338623
0.0979921817779541
0.14098691940307617
0.053003549575805664
0.17597603797912598
0.05299854278564453
0.0329742431640625
0.04399681091308594
0.5989820957183838
0.044002532958984375
0.06300711631774902
0.0820159912109375
0.0919961929321289
0.05102801322937012
0.0369725227355957
0.12701869010925293
0.12201452255249023
0.2519834041595459
0.15299057960510254
0.05999469757080078
0.09900283813476562
0.03897285461425781
0.06300020217895508
0.30396580696105957
0.04398202896118164
0.1090080738067627
0.2540135383605957
0.17296791076660156
0.02599644660949707
0.06798577308654785
0.028000593185424805
0.10398149490356445
0.05399465560913086
0.07102155685424805
0.07900190353393555
0.07599043846130371
0.05196094512939453
0.07500863075256348
0.045995473861694336
0.09494352340698242
0.08699941635131836
0.07999181747436523
0.03899836540222168
0.0659937858581543
0.05400395393371582
0.10799646377563477
0.08898329734802246
0.12366366386413574
0.12601232528686523
0.03599429130554199
0.11699509620666504
0.025995969772338867
0.23299551010131836
0.07298851013183594
0.030992984771728516
0.330005407333374
0.10097599029541016
0.11398196220397949
0.13938665390014648
0.060990095138549805
0.06599879264831543
0.03000020980834961
0.09056282043457031
0.03797769546508789
0.04299640655517578
0.06797313690185547
0.09090781211853027
0.5410289764404297
0.4580090045928955
0.2220141887664795
0.04098868370056152
0.04499363899230957
0.22896122932434082
0.06997013092041016
0.03099799156188965
0.1389918327331543
0.04599642753601074
0.08298492431640625
0.08646035194396973
0.06400465965270996
0.06599903106689453
0.09897470474243164
0.11296391487121582
0.11598324775695801
0.10298347473144531
0.43900203704833984
0.1410067081451416
0.11701178550720215
0.12399935722351074
0.03299856185913086
0.1790022850036621
0.3119816780090332
0.07097887992858887
0.21733427047729492
0.05701565742492676
0.04898357391357422
0.02201390266418457
0.10496091842651367
0.1290132999420166
0.11400008201599121
0.01600050926208496
0.13999485969543457
0.08497071266174316
0.06891655921936035
0.12501764297485352
0.5500164031982422
0.06299638748168945
0.029998064041137695
0.35347747802734375
0.028983592987060547
0.09422159194946289
0.1639854907989502
0.5790104866027832
0.2569854259490967
0.07399630546569824
0.09953498840332031
0.5000019073486328
0.12994623184204102
0.050995826721191406
0.11700868606567383
0.09498119354248047
0.04398369789123535
0.05199456214904785
0.06601977348327637
0.05900073051452637
0.07301735877990723
0.05301713943481445
0.04699230194091797
0.039999961853027344
0.06498003005981445
0.10796213150024414
0.08699488639831543
0.04501938819885254
0.06700396537780762
0.08999800682067871
0.2179887294769287
0.14702200889587402
0.817986011505127
0.09200906753540039
0.11499953269958496
0.12697529792785645
0.40201401710510254
0.035654544830322266
0.06501889228820801
0.03799247741699219
0.058986663818359375
0.06603670120239258
0.06698894500732422
0.04597926139831543
0.11399388313293457
0.20401811599731445
0.1239614486694336
0.06099247932434082
0.0838460922241211
0.04499030113220215
0.03600287437438965
0.076995849609375
0.05998516082763672
0.1039884090423584
0.061943769454956055
0.09082794189453125
0.13194608688354492
0.05297398567199707
0.11797952651977539
0.03801608085632324
0.028980255126953125
0.05999898910522461
0.08799314498901367
0.1279888153076172
0.39275193214416504
0.05696606636047363
0.08397436141967773
0.10294580459594727
0.14443039894104004
0.016006946563720703
0.26500463485717773
0.001999378204345703
0.19899296760559082
0.08899688720703125
0.315993070602417
0.10759115219116211
0.05899930000305176
0.11098670959472656
0.07600092887878418
0.09499764442443848
0.05498170852661133
0.0849909782409668
0.09799671173095703
0.031986236572265625
0.07899141311645508
0.5300085544586182
0.13201117515563965
0.054013967514038086
0.14600324630737305
0.06899523735046387
0.04598641395568848
0.04898428916931152
0.06698846817016602
0.23500275611877441
0.09498071670532227
0.10402250289916992
0.054968833923339844
0.044988393783569336
0.10895967483520508
0.41399693489074707
0.08896040916442871
0.04099249839782715
0.10099625587463379
0.08299875259399414
0.1840062141418457
0.17400693893432617
0.14097309112548828
0.10699987411499023
0.17096734046936035
0.06197404861450195
0.21801328659057617
0.1079554557800293
0.24833369255065918
0.08899426460266113
0.08001446723937988
0.0579984188079834
0.0819547176361084
0.1589667797088623
0.2243053913116455
0.05202054977416992
0.046997785568237305
0.07303714752197266
0.27706241607666016
0.13599228858947754
0.04799842834472656
0.1330106258392334
0.023993968963623047
0.04000282287597656
0.08697915077209473
0.12499451637268066
0.09796786308288574
0.2740011215209961
0.059996604919433594
0.05399799346923828
0.055982351303100586
0.4720160961151123
0.13799810409545898
0.134995698928833
0.06399369239807129
0.02702045440673828
0.003999233245849609
0.15799331665039062
0.05399823188781738
0.2830009460449219
0.3179969787597656
0.06100654602050781
0.048017263412475586
0.021014690399169922
0.04800224304199219
0.03300046920776367
0.08100032806396484
0.04399704933166504
0.3130009174346924
0.037018537521362305
0.06700801849365234
0.24498796463012695
0.09099793434143066
0.1300065517425537
0.07599234580993652
0.1319880485534668
0.15799999237060547
0.10602045059204102
0.04298567771911621
0.12702035903930664
0.04001426696777344
0.030009984970092773
0.10800027847290039
0.7609994411468506
0.04798769950866699
0.16796875
0.05997920036315918
0.20260262489318848
0.02399897575378418
0.04900479316711426
0.12499761581420898
0.20899605751037598
0.13799667358398438
0.1699979305267334
0.09699606895446777
0.031991004943847656
0.040001869201660156
0.07101035118103027
0.0689852237701416
0.0909872055053711
0.08099842071533203
0.03699231147766113
0.282001256942749
0.09199094772338867
0.13899993896484375
0.09897828102111816
0.23494362831115723
0.1369922161102295
0.07697892189025879
0.057003021240234375
0.11403298377990723
0.06800031661987305
