0.05998349189758301
0.03599977493286133
0.11500287055969238
0.09602761268615723
0.07201552391052246
0.06702303886413574
0.11897015571594238
0.054997920989990234
0.0840144157409668
0.16399502754211426
0.12900829315185547
0.0569911003112793
0.1200098991394043
0.04399394989013672
0.328998327255249
0.18057990074157715
0.05243849754333496
0.05202126502990723
0.03200054168701172
0.15599989891052246
0.07599830627441406
0.09398031234741211
0.0349888801574707
0.11899375915527344
0.029992103576660156
0.06300759315490723
0.03197503089904785
0.05899548530578613
0.045993804931640625
0.053000688552856445
0.2590169906616211
0.049983978271484375
0.0540165901184082
0.2579987049102783
0.10897064208984375
0.22802257537841797
0.026996374130249023
0.039971351623535156
0.06498098373413086
0.16399526596069336
0.027987241744995117
0.05899763107299805
0.1309795379638672
0.03698563575744629
0.028001070022583008
0.03699803352355957
0.036995649337768555
0.08899998664855957
0.06299161911010742
0.07401013374328613
0.16498494148254395
0.12101602554321289
0.14796781539916992
0.03098297119140625
0.023001670837402344
0.05499005317687988
0.08601737022399902
0.047000885009765625
0.4769911766052246
0.05599260330200195
0.5200173854827881
0.07802367210388184
0.029008865356445312
0.18118071556091309
0.03900027275085449
0.1530301570892334
0.10800838470458984
0.024981260299682617
0.06698894500732422
0.29002976417541504
0.03101968765258789
0.0230100154876709
0.05500149726867676
0.06604409217834473
0.054001808166503906
0.017000675201416016
0.07900810241699219
0.41597676277160645
0.021000146865844727
0.023999691009521484
0.011998891830444336
0.07599306106567383
0.04798293113708496
0.04096698760986328
0.03600025177001953
0.11701178550720215
0.13700532913208008
0.06798386573791504
0.4090280532836914
0.05399346351623535
0.3139951229095459
0.030023574829101562
0.04802250862121582
0.051990509033203125
0.06200218200683594
0.06001615524291992
0.030997276306152344
0.024504423141479492
0.04400062561035156
0.022975921630859375
0.0889739990234375
0.17602062225341797
0.06498265266418457
0.03997325897216797
0.03001546859741211
0.07601475715637207
0.11998200416564941
0.18499755859375
0.01799321174621582
0.09899592399597168
0.05299806594848633
0.13699960708618164
0.03899407386779785
0.038990020751953125
0.09299921989440918
0.2310173511505127
0.0800023078918457
0.030987977981567383
0.11701655387878418
0.11902809143066406
0.06598901748657227
0.016996145248413086
0.2389826774597168
0.03600478172302246
0.05598878860473633
0.03199887275695801
0.05399346351623535
0.10499906539916992
0.07099437713623047
0.010011672973632812
0.1800096035003662
0.07201290130615234
0.11501121520996094
0.20000338554382324
0.0610196590423584
0.04000258445739746
0.06403017044067383
0.10197997093200684
0.07597494125366211
0.023983478546142578
0.053995370864868164
0.03500509262084961
0.015986919403076172
0.06399965286254883
0.16200947761535645
0.24188995361328125
0.11099839210510254
0.0339810848236084
0.18598389625549316
0.08899831771850586
0.2070002555847168
0.048973798751831055
0.031002283096313477
0.046998023986816406
0.11301732063293457
0.06901049613952637
0.057865142822265625
0.055998802185058594
0.05599808692932129
0.036972999572753906
0.035993099212646484
0.18199658393859863
0.07400107383728027
0.0866849422454834
0.07798933982849121
0.08299088478088379
0.02199697494506836
0.15399718284606934
0.020013809204101562
0.028972148895263672
0.057999372482299805
0.02599787712097168
0.048959970474243164
0.026009559631347656
0.06399297714233398
0.061000823974609375
0.17398810386657715
0.11299800872802734
0.07300066947937012
0.04200124740600586
0.025012493133544922
0.10904550552368164
0.09601402282714844
0.03699612617492676
0.04500222206115723
0.8319997787475586
0.02898883819580078
0.002995014190673828
0.03299856185913086
0.2669789791107178
0.04098176956176758
0.05798816680908203
0.18300175666809082
0.019013166427612305
0.023996353149414062
0.03504180908203125
0.06597471237182617
0.03099346160888672
0.0020263195037841797
0.1770188808441162
0.09197640419006348
0.13801050186157227
0.04797983169555664
0.10999464988708496
0.03898167610168457
0.023000240325927734
0.03799176216125488
0.48813366889953613
0.03698015213012695
0.034996747970581055
0.10399770736694336
0.07299923896789551
0.056899070739746094
0.024987459182739258
0.10398101806640625
0.10199451446533203
0.19401001930236816
0.07399654388427734
0.051993370056152344
0.054979801177978516
0.026000022888183594
0.050997257232666016
0.29898953437805176
0.036011695861816406
0.07299566268920898
0.2073807716369629
0.09601640701293945
0.016029834747314453
0.043015241622924805
0.016000986099243164
0.0930173397064209
0.062021732330322266
0.04500985145568848
0.07400083541870117
0.07998418807983398
0.03998923301696777
0.04499411582946777
0.028986692428588867
0.05198812484741211
0.07199811935424805
0.05998086929321289
0.0519864559173584
0.07197952270507812
0.04601645469665527
0.11099958419799805
0.06899356842041016
0.06753921508789062
0.16401004791259766
0.024945735931396484
0.054998159408569336
0.017018556594848633
0.22000837326049805
0.041848182678222656
0.01999688148498535
0.21700048446655273
0.0840003490447998
0.055001020431518555
0.1070404052734375
0.05399727821350098
0.06299424171447754
0.024002552032470703
0.09999895095825195
0.0329890251159668
0.02798151969909668
0.050011396408081055
0.0319981575012207
0.46442389488220215
0.3240163326263428
0.23100900650024414
0.027996063232421875
0.029000043869018555
0.10101866722106934
0.04053544998168945
0.025995492935180664
0.10699868202209473
0.03199148178100586
0.04800009727478027
0.08399605751037598
0.05594491958618164
0.0650167465209961
0.08202075958251953
0.07700014114379883
0.08702969551086426
0.07400012016296387
0.3459916114807129
0.1495189666748047
0.09000802040100098
0.07100510597229004
0.03299546241760254
0.15552210807800293
0.220994234085083
0.0580143928527832
0.09498929977416992
0.07199931144714355
0.029001951217651367
0.019988298416137695
0.08699679374694824
0.11097598075866699
0.08199906349182129
0.012995243072509766
0.11101913452148438
0.03299212455749512
0.05997967720031738
0.11083626747131348
0.43799757957458496
0.04480242729187012
0.009999275207519531
0.34102749824523926
0.032994747161865234
0.04799795150756836
0.10001778602600098
0.528996467590332
0.21401691436767578
0.06699490547180176
0.04298043251037598
0.30123186111450195
0.042223215103149414
0.021014690399169922
0.11599326133728027
0.09528279304504395
0.029998302459716797
0.030982494354248047
0.06500077247619629
0.053507089614868164
0.10100388526916504
0.03400015830993652
0.037982940673828125
0.044001102447509766
0.0280148983001709
0.07001638412475586
0.04800868034362793
0.042038679122924805
0.04798102378845215
0.07399535179138184
0.1620011329650879
0.1939995288848877
0.6730175018310547
0.07301020622253418
0.09002447128295898
0.06999778747558594
0.32601308822631836
0.02901625633239746
0.06202363967895508
0.03398275375366211
0.08102011680603027
0.03797483444213867
0.04001331329345703
0.04698371887207031
0.06298398971557617
0.09899640083312988
0.0659787654876709
0.05096030235290527
0.0679922103881836
0.012002229690551758
0.019995927810668945
0.06702256202697754
0.03699493408203125
0.05799698829650879
0.028996706008911133
0.07098174095153809
0.08399057388305664
0.03299999237060547
0.10299515724182129
0.020020484924316406
0.023978233337402344
0.09499216079711914
0.07700800895690918
0.0929727554321289
0.33998703956604004
0.034986257553100586
0.05299878120422363
0.08101534843444824
0.06501603126525879
0.014998912811279297
0.23100852966308594
0.0020253658294677734
0.14701604843139648
0.06302475929260254
0.3249979019165039
0.06702065467834473
0.043999433517456055
0.10500216484069824
0.06399989128112793
0.08501839637756348
0.03799724578857422
0.054982900619506836
0.05298113822937012
0.023997068405151367
0.06599760055541992
0.37798166275024414
0.2050158977508545
0.02899456024169922
0.14499855041503906
0.050000905990600586
0.03000020980834961
0.038973093032836914
0.057997703552246094
0.2369978427886963
0.0909879207611084
0.07001519203186035
0.0430140495300293
0.06252551078796387
0.1279740333557129
0.31101560592651367
0.05800318717956543
0.059023141860961914
0.10699295997619629
0.04799294471740723
0.10902881622314453
0.12298297882080078
0.08501791954040527
0.08498597145080566
0.13701987266540527
0.0670309066772461
0.20992636680603027
0.08200502395629883
0.22501587867736816
0.06600308418273926
0.0629887580871582
0.04599881172180176
0.05299806594848633
0.07100152969360352
0.20800137519836426
0.04798746109008789
0.07700014114379883
0.05401110649108887
0.18098115921020508
0.08466267585754395
0.04101419448852539
0.17599749565124512
0.029999732971191406
0.06599807739257812
0.0749962329864502
0.09099745750427246
0.06498217582702637
0.2510039806365967
0.034993886947631836
0.034020423889160156
0.03600883483886719
0.4397730827331543
0.19298315048217773
0.12299656867980957
0.05499839782714844
0.023000240325927734
0.003996610641479492
0.1709737777709961
0.04598522186279297
0.24400019645690918
0.27702927589416504
0.04399514198303223
0.03699183464050293
0.016999483108520508
0.039999961853027344
0.02997136116027832
0.07001686096191406
0.03299975395202637
0.26799917221069336
0.03000164031982422
0.051999568939208984
0.18601346015930176
0.05800366401672363
0.07199645042419434
0.06498169898986816
0.05901336669921875
0.10700130462646484
0.09900045394897461
0.037001609802246094
0.17101240158081055
0.040998220443725586
0.020997047424316406
0.16598844528198242
0.6229996681213379
0.03696894645690918
0.1369624137878418
0.06496047973632812
0.168015718460083
0.025942564010620117
0.04797697067260742
0.051978349685668945
0.3119966983795166
0.08999919891357422
0.12299561500549316
0.09999537467956543
0.03299999237060547
0.02100062370300293
0.03498554229736328
0.029993772506713867
0.06990242004394531
0.11200976371765137
0.03498339653015137
0.21097803115844727
0.0930032730102539
0.03800463676452637
0.03699898719787598
0.15899944305419922
0.0969858169555664
0.05301189422607422
0.06901097297668457
0.10699820518493652
0.032976388931274414
