0.025992155075073242
0.007999420166015625
0.05698370933532715
0.028974533081054688
0.03096628189086914
0.024953365325927734
0.025030851364135742
0.013998270034790039
0.027967453002929688
0.040988922119140625
0.02898693084716797
0.02897357940673828
0.03801846504211426
0.019986629486083984
0.0709993839263916
0.04000091552734375
0.020998239517211914
0.012998104095458984
0.005998134613037109
0.03897237777709961
0.03999757766723633
0.03900766372680664
0.013017654418945312
0.04401993751525879
0.014976739883422852
0.030953407287597656
0.0160369873046875
0.015018224716186523
0.031014204025268555
0.011999368667602539
0.0879974365234375
0.02803182601928711
0.031998395919799805
0.047998905181884766
0.0499727725982666
0.05998706817626953
0.007974386215209961
0.014027595520019531
0.03101515769958496
0.05499434471130371
0.013002157211303711
0.028995990753173828
0.03002309799194336
0.009998559951782227
0.009982585906982422
0.016997575759887695
0.017000436782836914
0.01900029182434082
0.023981332778930664
0.01598954200744629
0.029999256134033203
0.03999209403991699
0.04799818992614746
0.01500391960144043
0.0049991607666015625
0.029007911682128906
0.0319976806640625
0.021971464157104492
0.11386609077453613
0.029978513717651367
0.13299942016601562
0.025997400283813477
0.016975879669189453
0.04099750518798828
0.012995243072509766
0.03699684143066406
0.038964271545410156
0.008985757827758789
0.04505014419555664
0.0839986801147461
0.009987831115722656
0.013001441955566406
0.012999773025512695
0.025004148483276367
0.016999483108520508
0.003999233245849609
0.02097916603088379
0.11802792549133301
0.003998279571533203
0.0030002593994140625
0.0030002593994140625
0.03500247001647949
0.011000633239746094
0.015001773834228516
0.00799560546875
0.04000139236450195
0.034964799880981445
0.03602147102355957
0.0769801139831543
0.02199077606201172
0.06702089309692383
0.017972230911254883
0.025945425033569336
0.025987625122070312
0.016986370086669922
0.02397751808166504
0.007998943328857422
0.016001462936401367
0.020013093948364258
0.007000446319580078
0.0260007381439209
0.04000067710876465
0.022986888885498047
0.016971111297607422
0.01599907875061035
0.019001483917236328
0.04101252555847168
0.04199838638305664
0.004973888397216797
0.03696632385253906
0.025979042053222656
0.05136752128601074
0.012985944747924805
0.017995595932006836
0.03598761558532715
0.06998014450073242
0.026997804641723633
0.012000799179077148
0.034999847412109375
0.044979095458984375
0.030011892318725586
0.005003213882446289
0.03699231147766113
0.017978429794311523
0.018014192581176758
0.008000850677490234
0.025004148483276367
0.024979591369628906
0.0289764404296875
0.003003835678100586
0.03699970245361328
0.03003668785095215
0.024997949600219727
0.04999899864196777
0.02098393440246582
0.018993616104125977
0.02496480941772461
0.027020931243896484
0.027983665466308594
0.010000467300415039
0.027001380920410156
0.008014202117919922
0.005027294158935547
0.021982192993164062
0.0430142879486084
0.04399824142456055
0.040976524353027344
0.014036417007446289
0.052010536193847656
0.03599286079406738
0.05499982833862305
0.024018287658691406
0.011000871658325195
0.037981271743774414
0.042995452880859375
0.020005464553833008
0.01600193977355957
0.028009414672851562
0.020992755889892578
0.012001514434814453
0.020967721939086914
0.03798270225524902
0.01700139045715332
0.04096627235412598
0.06502294540405273
0.04597353935241699
0.006000995635986328
0.039995431900024414
0.005979061126708984
0.012999296188354492
0.022191524505615234
0.01898479461669922
0.026025772094726562
0.006986856460571289
0.01900005340576172
0.01899409294128418
0.050991058349609375
0.03299880027770996
0.020973920822143555
0.016999483108520508
0.014001607894897461
0.044997215270996094
0.037000179290771484
0.0214388370513916
0.016986608505249023
0.181990385055542
0.011018514633178711
0.0009992122650146484
0.01597285270690918
0.05698680877685547
0.016010761260986328
0.016008377075195312
0.06898069381713867
0.024991989135742188
0.0060024261474609375
0.008999109268188477
0.03900337219238281
0.013999700546264648
0.0009737014770507812
0.04999732971191406
0.037546396255493164
0.0430150032043457
0.026987314224243164
0.027992725372314453
0.011913061141967773
0.010020732879638672
0.010994434356689453
0.12002015113830566
0.011000633239746094
0.016998291015625
0.028990983963012695
0.038991689682006836
0.02201080322265625
0.010004997253417969
0.04000568389892578
0.0200040340423584
0.04199934005737305
0.03201556205749512
0.017992258071899414
0.01898670196533203
0.012000560760498047
0.0110015869140625
0.08247685432434082
0.016973018646240234
0.028978347778320312
0.08497118949890137
0.028994321823120117
0.004987001419067383
0.01897120475769043
0.004002809524536133
0.029997587203979492
0.03197908401489258
0.02497267723083496
0.018988609313964844
0.01601552963256836
0.021007776260375977
0.019979238510131836
0.011032819747924805
0.02400994300842285
0.017001867294311523
0.01501917839050293
0.01897263526916504
0.021001338958740234
0.018944263458251953
0.029982328414916992
0.017001867294311523
0.04696798324584961
0.06301474571228027
0.012999773025512695
0.017001628875732422
0.004000425338745117
0.05198073387145996
0.01799798011779785
0.005000114440917969
0.05799245834350586
0.02199721336364746
0.024996280670166016
0.04098391532897949
0.023000240325927734
0.04399728775024414
0.0039997100830078125
0.022983074188232422
0.01301121711730957
0.008014917373657227
0.011000633239746094
0.013000965118408203
0.0939795970916748
0.09099435806274414
0.050980329513549805
0.009002447128295898
0.010971307754516602
0.04099845886230469
0.018017292022705078
0.007998466491699219
0.022000551223754883
0.020001649856567383
0.023996829986572266
0.028996944427490234
0.03499722480773926
0.022996902465820312
0.031992197036743164
0.029004573822021484
0.04096674919128418
0.02997112274169922
0.06898665428161621
0.05700254440307617
0.04099321365356445
0.028997182846069336
0.01598668098449707
0.043990135192871094
0.04400324821472168
0.01896047592163086
0.05897092819213867
0.019001245498657227
0.006998300552368164
0.009005069732666016
0.02998661994934082
0.029016971588134766
0.025000572204589844
0.004004240036010742
0.03000020980834961
0.012005329132080078
0.026009321212768555
0.03897237777709961
0.09800362586975098
0.016011953353881836
0.004000425338745117
0.08096933364868164
0.01198720932006836
0.013000011444091797
0.026996135711669922
0.16599702835083008
0.09696531295776367
0.029997587203979492
0.012999534606933594
0.07604146003723145
0.01602029800415039
0.004981279373168945
0.025012731552124023
0.025969266891479492
0.010019540786743164
0.020001649856567383
0.025511503219604492
0.022988080978393555
0.03996729850769043
0.009979963302612305
0.010999441146850586
0.014000177383422852
0.005995988845825195
0.030997276306152344
0.022537708282470703
0.01199197769165039
0.02101278305053711
0.029996633529663086
0.036980390548706055
0.046510934829711914
0.14298272132873535
0.026993274688720703
0.03499794006347656
0.029976606369018555
0.07499337196350098
0.011998414993286133
0.013999700546264648
0.0159759521484375
0.018003225326538086
0.03299689292907715
0.01296377182006836
0.011016845703125
0.027006864547729492
0.032989501953125
0.02102041244506836
0.01702427864074707
0.03296852111816406
0.003000020980834961
0.009000301361083984
0.03097248077392578
0.013000249862670898
0.02299976348876953
0.013003110885620117
0.03200507164001465
0.019992828369140625
0.006999969482421875
0.028990745544433594
0.0029799938201904297
0.007984399795532227
0.029996871948242188
0.04099297523498535
0.04201769828796387
0.07900857925415039
0.025001049041748047
0.033994436264038086
0.039002180099487305
0.02498602867126465
0.003000974655151367
0.056984663009643555
0.0009751319885253906
0.04800081253051758
0.01900005340576172
0.07197952270507812
0.03299880027770996
0.014002084732055664
0.02501511573791504
0.014000654220581055
0.025995969772338867
0.02099895477294922
0.026999473571777344
0.023000240325927734
0.003983497619628906
0.017002344131469727
0.13601446151733398
0.0469965934753418
0.012532234191894531
0.04098248481750488
0.02099776268005371
0.005982875823974609
0.017017602920532227
0.026998519897460938
0.0670163631439209
0.0420076847076416
0.03199601173400879
0.009993791580200195
0.020977258682250977
0.04100465774536133
0.07900261878967285
0.028257369995117188
0.03399372100830078
0.034967660903930664
0.017004966735839844
0.037995338439941406
0.057978153228759766
0.03696465492248535
0.025012493133544922
0.04899930953979492
0.03394579887390137
0.05499911308288574
0.04399514198303223
0.04299616813659668
0.015017986297607422
0.023998498916625977
0.009000539779663086
0.01400136947631836
0.01999640464782715
0.0449981689453125
0.023009061813354492
0.01998138427734375
0.01699542999267578
0.06500434875488281
0.04097342491149902
0.019999027252197266
0.03999972343444824
0.0050013065338134766
0.014001846313476562
0.015007257461547852
0.018000125885009766
0.0220181941986084
0.0709986686706543
0.008988618850708008
0.01099848747253418
0.011986255645751953
0.10801315307617188
0.025987863540649414
0.03097057342529297
0.01800084114074707
0.0059661865234375
0.0009996891021728516
0.04598546028137207
0.00900125503540039
0.05896735191345215
0.0650179386138916
0.018002033233642578
0.010020256042480469
0.0040013790130615234
0.007999181747436523
0.011999845504760742
0.016000032424926758
0.008997917175292969
0.059998273849487305
0.005983829498291016
0.009999275207519531
0.04600191116333008
0.013014793395996094
0.0529787540435791
0.017019033432006836
0.02200460433959961
0.026999950408935547
0.018001556396484375
0.017996788024902344
0.04896116256713867
0.012995004653930664
0.005959749221801758
0.059975624084472656
0.16895818710327148
0.012022733688354492
0.07497763633728027
0.04604148864746094
0.04000067710876465
0.012001991271972656
0.024983644485473633
0.016999483108520508
0.04400157928466797
0.0240018367767334
0.03400301933288574
0.016001224517822266
0.0070018768310546875
0.010003805160522461
0.017999887466430664
0.008000373840332031
0.030017375946044922
0.03699064254760742
0.009990930557250977
0.06501412391662598
0.017986059188842773
0.011000394821166992
0.020984649658203125
0.06095552444458008
0.0429844856262207
0.012999534606933594
0.01400446891784668
0.021001577377319336
0.01999354362487793
