1.196317195892334
0.8791334629058838
1.502279281616211
1.1790547370910645
1.602975845336914
0.9877824783325195
1.170250415802002
0.8830757141113281
1.2786526679992676
1.6164214611053467
2.7599332332611084
0.8152685165405273
1.1299376487731934
0.7572026252746582
3.8145177364349365
1.5705862045288086
0.9658322334289551
0.8216261863708496
0.8085947036743164
1.5095186233520508
0.9880728721618652
1.0279760360717773
0.7591965198516846
2.009592056274414
0.7637991905212402
0.8460235595703125
1.0192229747772217
1.101006031036377
0.8140654563903809
0.7893023490905762
2.660583972930908
1.0172996520996094
0.9302873611450195
2.831573486328125
1.1658201217651367
1.8213367462158203
0.6453487873077393
1.092470645904541
1.108128547668457
2.015948534011841
0.741553783416748
0.8931984901428223
1.3971996307373047
0.7254135608673096
0.7700796127319336
0.7925324440002441
0.8559186458587646
4.297287225723267
1.0089631080627441
0.8888158798217773
1.41163969039917
1.1944818496704102
2.0448899269104004
0.7082736492156982
0.7995390892028809
0.9312810897827148
1.3924143314361572
0.9131572246551514
7.039579153060913
1.1261401176452637
4.1620259284973145
0.9018867015838623
0.8007094860076904
1.4283418655395508
0.8108086585998535
1.3799936771392822
1.4114437103271484
0.7377841472625732
1.139404058456421
3.5867233276367188
0.7366764545440674
1.227625846862793
1.046276569366455
0.8710777759552002
0.9298901557922363
0.650113582611084
1.0667753219604492
8.893497943878174
0.666724443435669
0.6430149078369141
0.6560215950012207
1.0631401538848877
2.516671657562256
0.7565929889678955
0.7423610687255859
1.1114850044250488
2.523242473602295
0.89131760597229
2.331343412399292
0.757601261138916
5.796415090560913
1.1040611267089844
0.8971421718597412
0.8104817867279053
1.11981201171875
1.2247798442840576
0.712977409362793
0.6998252868652344
1.0227746963500977
0.7001886367797852
3.6523971557617188
3.273073673248291
1.0105721950531006
0.9120473861694336
0.9909167289733887
2.2098686695098877
1.9461791515350342
3.1152539253234863
0.6229331493377686
1.2563459873199463
1.0673222541809082
1.5532512664794922
1.4007134437561035
0.8483107089996338
1.1447882652282715
6.907646894454956
1.1725993156433105
1.654228925704956
1.075955867767334
1.873694896697998
1.156141996383667
0.7136893272399902
1.6008903980255127
0.7449965476989746
1.3354454040527344
0.6940262317657471
0.9862809181213379
1.4073472023010254
0.8742036819458008
0.8179538249969482
2.4348554611206055
1.2973883152008057
1.8708136081695557
3.0258727073669434
1.1389319896697998
0.7261018753051758
0.9235007762908936
3.047680377960205
1.0504264831542969
0.8830487728118896
1.0701377391815186
1.1027443408966064
0.6506831645965576
1.8127696514129639
1.153899908065796
1.8124473094940186
2.0526444911956787
0.695014238357544
1.5672101974487305
1.1745622158050537
6.054803848266602
0.8254303932189941
0.7605373859405518
1.1001744270324707
1.1386363506317139
1.1720476150512695
0.7533402442932129
0.8383078575134277
0.8653600215911865
0.7786672115325928
0.7280673980712891
1.3504831790924072
1.7029123306274414
1.056365966796875
1.3522415161132812
1.9723119735717773
0.718841552734375
3.8110005855560303
1.483407735824585
0.8860654830932617
1.2472851276397705
0.7232315540313721
0.7483468055725098
0.7335987091064453
1.3941028118133545
0.8479514122009277
1.6963701248168945
2.219984531402588
1.004417896270752
0.7848362922668457
0.7315206527709961
1.3556733131408691
1.031353235244751
0.738203763961792
0.997779130935669
11.016308784484863
0.7660417556762695
0.8068945407867432
0.7986023426055908
3.180098295211792
0.7000007629394531
0.9248754978179932
1.3818202018737793
0.7611265182495117
0.6823761463165283
0.9436695575714111
1.0298583507537842
0.7535467147827148
0.6352357864379883
2.8539233207702637
1.145082950592041
2.2576591968536377
0.7649900913238525
1.05399751663208
0.9699966907501221
0.7025265693664551
1.001634120941162
4.119812726974487
1.2340683937072754
0.9071300029754639
1.3091239929199219
0.91213059425354
0.8042163848876953
0.8967747688293457
1.4370300769805908
1.7885539531707764
7.747631072998047
1.1134812831878662
0.9932200908660889
1.0357375144958496
0.7253170013427734
0.75901198387146
1.9994306564331055
0.8492798805236816
1.6565613746643066
2.096017837524414
2.12658953666687
0.7159621715545654
1.2797865867614746
0.6720826625823975
1.8251123428344727
1.0090358257293701
0.8526430130004883
1.2768666744232178
4.082961559295654
0.7561385631561279
0.8141686916351318
0.7898881435394287
0.9486536979675293
1.6226146221160889
0.9483933448791504
1.1458525657653809
1.2526624202728271
0.9341268539428711
1.203580379486084
0.9601986408233643
1.2154443264007568
1.175117015838623
0.7877438068389893
1.2404100894927979
0.65401291847229
2.234764814376831
0.9182143211364746
0.6413383483886719
1.590740442276001
1.16526198387146
0.8946919441223145
1.4626755714416504
0.7818615436553955
1.0312964916229248
0.8513364791870117
1.2893822193145752
0.7279257774353027
0.9430105686187744
0.8690221309661865
0.8003261089324951
8.016868352890015
2.6717145442962646
2.6375479698181152
0.7053442001342773
0.7748558521270752
1.3072006702423096
1.0105030536651611
0.8069980144500732
1.071850061416626
0.7995381355285645
1.0073623657226562
0.8750262260437012
0.8472318649291992
1.0208580493927002
1.3206918239593506
1.1247131824493408
1.349062442779541
1.8612308502197266
1.9070451259613037
1.5332763195037842
1.2344162464141846
3.6612935066223145
0.8304827213287354
1.389277458190918
2.484381675720215
0.8193905353546143
2.182446241378784
0.8928554058074951
0.7093565464019775
0.7213354110717773
1.032287836074829
1.7897729873657227
1.2815818786621094
0.6160023212432861
1.2252764701843262
0.8237576484680176
0.8452303409576416
1.4272534847259521
6.075552225112915
0.7507412433624268
0.7757303714752197
4.117828369140625
0.6796371936798096
0.9338579177856445
1.569448471069336
8.274228572845459
1.462104320526123
1.1006855964660645
1.0550258159637451
1.9672067165374756
1.0284078121185303
0.9071259498596191
3.5311498641967773
1.9292232990264893
0.7003858089447021
0.7829430103302002
1.1082532405853271
0.9325692653656006
1.0980076789855957
1.0815067291259766
0.7174215316772461
0.740013837814331
0.7127847671508789
0.9423196315765381
0.778778076171875
1.131819725036621
0.9802858829498291
1.0170960426330566
2.8232948780059814
1.7941710948944092
13.605556726455688
0.8807981014251709
1.888735294342041
1.1579668521881104
3.0150864124298096
0.7900853157043457
1.07063627243042
0.7641456127166748
1.8717832565307617
0.7736985683441162
0.7951140403747559
0.6852126121520996
1.0981385707855225
1.1221628189086914
1.0264739990234375
0.7481207847595215
1.566209077835083
0.672325849533081
0.7428958415985107
1.1108980178833008
0.7527172565460205
1.0916099548339844
0.7493753433227539
0.9736497402191162
0.9247226715087891
1.113999366760254
1.2000186443328857
0.7245910167694092
0.680072546005249
0.9628264904022217
0.8788163661956787
1.0203230381011963
3.772568464279175
0.8171510696411133
1.6473922729492188
1.3365776538848877
1.1686735153198242
0.7970659732818604
1.7224962711334229
0.8728787899017334
1.4531660079956055
0.8728575706481934
15.647644996643066
1.0134596824645996
1.039172887802124
1.6296217441558838
2.7684340476989746
3.2770352363586426
1.1611387729644775
0.825598955154419
1.0210273265838623
0.6473362445831299
1.1313414573669434
5.0754029750823975
1.1767003536224365
0.7782564163208008
1.5970406532287598
1.1318471431732178
1.0445630550384521
0.7292881011962891
2.839125871658325
1.6522445678710938
0.9758927822113037
0.9988420009613037
0.8385457992553711
0.7941854000091553
1.0626771450042725
21.51182508468628
0.9720423221588135
0.8318400382995605
1.3747172355651855
0.9078643321990967
1.0743310451507568
1.546478271484375
1.4317033290863037
1.125420093536377
2.0366415977478027
1.9474987983703613
1.741713047027588
0.8489205837249756
4.119430065155029
0.8911664485931396
2.524458885192871
2.6478939056396484
1.2068748474121094
1.0454552173614502
1.453310489654541
1.1952245235443115
0.7880852222442627
0.9179208278656006
1.7038547992706299
1.2141993045806885
0.8866512775421143
3.036980152130127
0.6811535358428955
0.8370087146759033
0.9329979419708252
1.1671838760375977
0.9968600273132324
5.02301287651062
0.8465011119842529
0.7267286777496338
0.9708447456359863
4.094390869140625
1.2991697788238525
2.0858261585235596
0.9515993595123291
0.7017397880554199
0.6131064891815186
1.289440631866455
0.7278680801391602
3.123218059539795
2.816335678100586
0.9363594055175781
0.881798267364502
0.6760599613189697
0.8427290916442871
0.7566578388214111
0.9010727405548096
0.6984312534332275
5.850099563598633
0.7891886234283447
1.0185706615447998
1.5983960628509521
1.6543197631835938
0.921872615814209
1.0700674057006836
0.9406194686889648
1.10896897315979
1.8701608180999756
0.9478976726531982
1.5144202709197998
0.8555049896240234
0.7555804252624512
1.5029094219207764
5.650321960449219
0.770859956741333
1.2731592655181885
0.979057788848877
1.3675901889801025
0.6636412143707275
0.9455099105834961
0.9125919342041016
1.5413455963134766
1.052001714706421
1.2860002517700195
0.8749995231628418
1.0050153732299805
1.0240874290466309
0.9857363700866699
0.7476959228515625
0.9584295749664307
1.3322186470031738
0.6678030490875244
3.2353286743164062
0.9140212535858154
0.9009678363800049
0.9245917797088623
1.4009182453155518
1.1956946849822998
1.246490716934204
0.9454371929168701
1.1199986934661865
0.7719595432281494
