0.36632800102233887
0.27700138092041016
0.3623032569885254
0.3635847568511963
0.3719477653503418
0.27406764030456543
0.26938843727111816
0.28525686264038086
0.4041249752044678
0.4870114326477051
0.3864431381225586
0.30051565170288086
0.35208916664123535
0.28195667266845703
0.6045143604278564
0.4326157569885254
0.29620957374572754
0.34197354316711426
0.43160080909729004
0.4705181121826172
0.31809258460998535
0.39626336097717285
0.31010890007019043
0.38471364974975586
0.3183016777038574
0.295576810836792
0.31755995750427246
0.39957690238952637
0.29945969581604004
0.29931163787841797
0.4815700054168701
0.393543004989624
0.3012967109680176
0.4961669445037842
0.4530642032623291
0.601452112197876
0.29306912422180176
0.37949061393737793
0.36663293838500977
0.48211002349853516
0.3284940719604492
0.3412046432495117
0.37227797508239746
0.29779601097106934
0.3636775016784668
0.29038262367248535
0.29735565185546875
0.6249938011169434
0.357130765914917
0.29343247413635254
0.38700056076049805
0.3773536682128906
0.3696105480194092
0.27616405487060547
0.2995293140411377
0.36100101470947266
0.3996891975402832
0.2842864990234375
0.5851476192474365
0.3858985900878906
0.4210045337677002
0.32884645462036133
0.3194575309753418
0.3735020160675049
0.2830018997192383
0.4001200199127197
0.3679487705230713
0.2735779285430908
0.3762533664703369
0.4889986515045166
0.3166954517364502
0.4802381992340088
0.30849170684814453
0.32181215286254883
0.3679666519165039
0.3010523319244385
0.34926939010620117
0.5089600086212158
0.3059995174407959
0.26599836349487305
0.27802133560180664
0.38695240020751953
0.3860163688659668
0.3442685604095459
0.3029947280883789
0.3992807865142822
0.3950512409210205
0.31156015396118164
0.5291082859039307
0.2987401485443115
0.38999462127685547
0.475250244140625
0.3729512691497803
0.2965693473815918
0.41459012031555176
0.5778379440307617
0.2829935550689697
0.2844974994659424
0.2692389488220215
0.2969193458557129
0.355715274810791
0.4900698661804199
0.36968469619750977
0.313946008682251
0.3767673969268799
0.4120628833770752
0.3762233257293701
0.5460262298583984
0.27974772453308105
0.3555166721343994
0.3944978713989258
0.38748931884765625
0.4652245044708252
0.3368113040924072
0.4128901958465576
0.45745396614074707
0.40190601348876953
0.278059720993042
0.3247711658477783
0.3736913204193115
0.38106846809387207
0.2959480285644531
0.3900284767150879
0.3046450614929199
0.40334224700927734
0.2694687843322754
0.3229992389678955
0.37848448753356934
0.3021104335784912
0.3606271743774414
0.37293434143066406
0.41138124465942383
0.5545320510864258
0.40379858016967773
0.30166149139404297
0.2836642265319824
0.30794405937194824
0.39333081245422363
0.330089807510376
0.2908463478088379
0.28343939781188965
0.287975549697876
0.28862881660461426
0.38884997367858887
0.2980670928955078
0.37582969665527344
0.4721243381500244
0.2899808883666992
0.4002718925476074
0.3995661735534668
0.4916079044342041
0.3156406879425049
0.2949869632720947
0.3791487216949463
0.3996772766113281
0.4390280246734619
0.276019811630249
0.29567432403564453
0.30416011810302734
0.35031867027282715
0.3231973648071289
0.38866543769836426
0.3890187740325928
0.38669323921203613
0.4035923480987549
0.37216925621032715
0.3049936294555664
0.3823411464691162
0.29241275787353516
0.27866601943969727
0.5547101497650146
0.2936978340148926
0.2708251476287842
0.32123517990112305
0.3768341541290283
0.28025293350219727
0.4880397319793701
0.43150782585144043
0.30640316009521484
0.3022468090057373
0.32741284370422363
0.36875319480895996
0.38186049461364746
0.2859005928039551
0.3528130054473877
0.593092679977417
0.33867859840393066
0.41480231285095215
0.308168888092041
0.41374754905700684
0.2870309352874756
0.3092348575592041
0.41729259490966797
0.37307047843933105
0.2830049991607666
0.2930617332458496
0.3120005130767822
0.296846866607666
0.30762410163879395
0.3887789249420166
0.39108872413635254
0.38249921798706055
0.31102561950683594
0.3600015640258789
0.3676149845123291
0.31997156143188477
0.28247880935668945
0.5772321224212646
0.508460521697998
0.32193708419799805
0.48389530181884766
0.31787705421447754
0.2820408344268799
0.30539894104003906
0.4145078659057617
0.39968013763427734
0.47742223739624023
0.37766098976135254
0.37872910499572754
0.37934136390686035
0.318068265914917
0.27900052070617676
0.48567652702331543
0.27836108207702637
0.34192991256713867
0.2967851161956787
0.34624361991882324
0.30490922927856445
0.372053861618042
0.29799938201904297
0.36089158058166504
0.3200991153717041
0.32996535301208496
0.4170808792114258
0.37502074241638184
0.2840747833251953
0.2881431579589844
0.352266788482666
0.41356945037841797
0.3463270664215088
0.2833516597747803
0.3948547840118408
0.37400197982788086
0.3550407886505127
0.39781928062438965
0.2870211601257324
0.41260838508605957
0.39548301696777344
0.33730506896972656
0.40923357009887695
0.2839975357055664
0.5211336612701416
0.41118335723876953
0.27857232093811035
0.4643888473510742
0.41700029373168945
0.32324647903442383
0.40192079544067383
0.2890026569366455
0.3007071018218994
0.32299375534057617
0.4023253917694092
0.2838170528411865
0.37702393531799316
0.3990058898925781
0.2790036201477051
0.47095489501953125
0.4778327941894531
0.5197341442108154
0.2919042110443115
0.34122276306152344
0.3808159828186035
0.32177019119262695
0.2990701198577881
0.27506470680236816
0.32291102409362793
0.3292067050933838
0.3040001392364502
0.3132150173187256
0.3556530475616455
0.37227463722229004
0.3628873825073242
0.4063730239868164
0.39946508407592773
0.5150344371795654
0.38573241233825684
0.5756268501281738
0.44501614570617676
0.2840287685394287
0.4119405746459961
0.4898409843444824
0.3027656078338623
0.39033031463623047
0.38185739517211914
0.3070030212402344
0.32135605812072754
0.2738640308380127
0.38472938537597656
0.37936925888061523
0.2669992446899414
0.37306714057922363
0.31140589714050293
0.34516191482543945
0.3797624111175537
0.6484494209289551
0.30692315101623535
0.2729811668395996
0.4889810085296631
0.27967381477355957
0.2838320732116699
0.39832019805908203
0.5879127979278564
0.42435264587402344
0.3720264434814453
0.3923344612121582
0.5203423500061035
0.3910350799560547
0.2891414165496826
0.45519495010375977
0.40227317810058594
0.27812647819519043
0.29291796684265137
0.41505956649780273
0.37470006942749023
0.3650026321411133
0.36206936836242676
0.28142714500427246
0.30300211906433105
0.2590005397796631
0.37738966941833496
0.2681703567504883
0.454784631729126
0.26462435722351074
0.42476606369018555
0.4698145389556885
0.4890580177307129
0.6999642848968506
0.297926664352417
0.38831591606140137
0.3814558982849121
0.4951498508453369
0.3478505611419678
0.29888248443603516
0.29542016983032227
0.3792233467102051
0.3000626564025879
0.2981855869293213
0.280803918838501
0.3766789436340332
0.3757603168487549
0.28231287002563477
0.29264068603515625
0.38793087005615234
0.2760157585144043
0.30835795402526855
0.40550875663757324
0.2896726131439209
0.37389564514160156
0.2907123565673828
0.2918531894683838
0.3019702434539795
0.48778390884399414
0.40831494331359863
0.28545093536376953
0.2897984981536865
0.27883005142211914
0.292464017868042
0.3949010372161865
0.4950838088989258
0.31439852714538574
0.3668038845062256
0.37546467781066895
0.3876688480377197
0.3050520420074463
0.45993494987487793
0.38575148582458496
0.40322184562683105
0.32909202575683594
0.4900169372558594
0.36736583709716797
0.3883352279663086
0.28151655197143555
0.39641237258911133
0.4738318920135498
0.2824366092681885
0.280855655670166
0.3783903121948242
0.30301713943481445
0.3915579319000244
0.4832580089569092
0.38876819610595703
0.29187607765197754
0.4098079204559326
0.31374526023864746
0.2801699638366699
0.2787151336669922
0.38959503173828125
0.3652353286743164
0.37225961685180664
0.3963134288787842
0.3843517303466797
0.30317068099975586
0.393815279006958
0.4819979667663574
0.3881349563598633
0.3154606819152832
0.3938558101654053
0.27700376510620117
0.30213403701782227
0.39718198776245117
0.3810391426086426
0.36844921112060547
0.38324689865112305
0.2797129154205322
0.422992467880249
0.2673463821411133
0.4724740982055664
0.37616729736328125
0.362551212310791
0.36249470710754395
0.5841546058654785
0.42032504081726074
0.38641834259033203
0.38147854804992676
0.2858622074127197
0.3046579360961914
0.388988733291626
0.39786863327026367
0.3187258243560791
0.37799692153930664
0.30013394355773926
0.31399989128112793
0.2629985809326172
0.3891918659210205
0.38700389862060547
0.49657726287841797
0.2986423969268799
0.2884833812713623
0.3938021659851074
0.6167073249816895
0.3994438648223877
0.36934924125671387
0.2837374210357666
0.28380823135375977
0.2967400550842285
0.3607065677642822
0.2758495807647705
0.4906752109527588
0.5665857791900635
0.29915523529052734
0.2872428894042969
0.2968759536743164
0.2876267433166504
0.3159668445587158
0.36499929428100586
0.28322792053222656
0.4587521553039551
0.28399658203125
0.33221864700317383
0.5185084342956543
0.6697611808776855
0.28808116912841797
0.3726174831390381
0.3513762950897217
0.4009997844696045
0.3573794364929199
0.29380059242248535
0.39879584312438965
0.29549312591552734
0.29107093811035156
0.4091155529022217
0.619877815246582
0.3004782199859619
0.45949769020080566
0.3157835006713867
0.38601016998291016
0.2868213653564453
0.3705484867095947
0.38007497787475586
0.37600231170654297
0.3840017318725586
0.3860042095184326
0.29300546646118164
0.39400196075439453
0.30007076263427734
0.31461381912231445
0.315091609954834
0.4038209915161133
0.41970229148864746
0.2785048484802246
0.506568431854248
0.35898733139038086
0.3916642665863037
0.40633487701416016
0.3780202865600586
0.4036729335784912
0.38626837730407715
0.2904834747314453
0.5171158313751221
0.30399489402770996
