0.022998332977294922
0.012006044387817383
0.011018753051757812
0.004987478256225586
0.006026268005371094
0.010021686553955078
0.008012771606445312
0.013011693954467773
0.008001327514648438
0.013998985290527344
0.025989055633544922
0.005999088287353516
0.023990631103515625
0.005999088287353516
0.004015207290649414
0.015966176986694336
0.013998270034790039
0.016994476318359375
0.011000394821166992
0.02096700668334961
0.00800180435180664
0.006999969482421875
0.0049991607666015625
0.0060160160064697266
0.01800847053527832
0.018018007278442383
0.005000114440917969
0.013985633850097656
0.029996633529663086
0.027542829513549805
0.008010149002075195
0.02302861213684082
0.018000125885009766
0.0049877166748046875
0.01200103759765625
0.011000633239746094
0.035990238189697266
0.005014181137084961
0.01198267936706543
0.017995119094848633
0.009992599487304688
0.011974811553955078
0.0040130615234375
0.0030176639556884766
0.010002613067626953
0.01002645492553711
0.010998964309692383
0.004999399185180664
0.013005256652832031
0.007001638412475586
0.02001810073852539
0.026998281478881836
0.010008811950683594
0.003009796142578125
0.006997346878051758
0.010996580123901367
0.005019187927246094
0.005013942718505859
0.017000198364257812
0.012987852096557617
0.02301764488220215
0.01000070571899414
0.013998031616210938
0.04098677635192871
0.010986566543579102
0.014006614685058594
0.015988826751708984
0.008001565933227539
0.019035816192626953
0.008005142211914062
0.011030435562133789
0.012999534606933594
0.0280301570892334
0.02001214027404785
0.02399921417236328
0.012976884841918945
0.005980968475341797
0.04298663139343262
0.008978128433227539
0.02501821517944336
0.003999233245849609
0.00700068473815918
0.025963544845581055
0.009999752044677734
0.013994932174682617
0.02099323272705078
0.012000799179077148
0.009979724884033203
0.026985645294189453
0.0299680233001709
0.0060002803802490234
0.004023551940917969
0.013000011444091797
0.02295851707458496
0.002996206283569336
0.01100015640258789
0.0029993057250976562
0.020000219345092773
0.014001607894897461
0.012002706527709961
0.010973930358886719
0.013995647430419922
0.012010335922241211
0.01900959014892578
0.004000186920166016
0.016985654830932617
0.011999845504760742
0.003987312316894531
0.027002334594726562
0.007998466491699219
0.02098369598388672
0.037984609603881836
0.012013435363769531
0.014000415802001953
0.00999903678894043
0.0039975643157958984
0.008986711502075195
0.028990745544433594
0.007009983062744141
0.007014751434326172
0.004001617431640625
0.039018869400024414
0.023984432220458984
0.040997982025146484
0.013974428176879883
0.01102590560913086
0.009000301361083984
0.0339963436126709
0.04595661163330078
0.009961605072021484
0.010024785995483398
0.012000799179077148
0.03300070762634277
0.02399611473083496
0.008015632629394531
0.03206300735473633
0.027997493743896484
0.013981819152832031
0.013978004455566406
0.01894688606262207
0.008009910583496094
0.019989013671875
0.007004499435424805
0.03300809860229492
0.009000778198242188
0.007001399993896484
0.001998424530029297
0.011001348495483398
0.018995285034179688
0.006010293960571289
0.0069904327392578125
0.030978918075561523
0.00801849365234375
0.04001569747924805
0.008999347686767578
0.007997989654541016
0.004001140594482422
0.013007164001464844
0.01598668098449707
0.013997077941894531
0.0029990673065185547
0.0060083866119384766
0.009000062942504883
0.011004924774169922
0.00998544692993164
0.009018182754516602
0.015013933181762695
0.010000944137573242
0.00799870491027832
0.010001897811889648
0.0030012130737304688
0.013000965118408203
0.010998725891113281
0.009014606475830078
0.011017322540283203
0.031012535095214844
0.014557123184204102
0.011998176574707031
0.007012367248535156
0.02199554443359375
0.00500798225402832
0.005019426345825195
0.026989221572875977
0.009013175964355469
0.007999420166015625
0.03201127052307129
0.0029997825622558594
0.04301881790161133
0.01800084114074707
0.012022256851196289
0.009979963302612305
0.027010440826416016
0.02102041244506836
0.026017189025878906
0.0069811344146728516
0.033013343811035156
0.014996528625488281
0.009000062942504883
0.010007381439208984
0.01199030876159668
0.01700305938720703
0.007011890411376953
0.030984163284301758
0.0240023136138916
0.007023334503173828
0.008971452713012695
0.05299091339111328
0.009999275207519531
0.028992414474487305
0.010029315948486328
0.006016731262207031
0.0039789676666259766
0.01403045654296875
0.013991355895996094
0.0200042724609375
0.007020235061645508
0.012995719909667969
0.009002923965454102
0.008002281188964844
0.009034395217895508
0.010998725891113281
0.026971817016601562
0.012001752853393555
0.003015756607055664
0.0040225982666015625
0.0069997310638427734
0.02800464630126953
0.016997814178466797
0.014003276824951172
0.029999256134033203
0.01498270034790039
0.010968446731567383
0.00901031494140625
0.0069997310638427734
0.02898716926574707
0.008014678955078125
0.005995035171508789
0.011986017227172852
0.005001544952392578
0.0039997100830078125
0.019966840744018555
0.01703333854675293
0.030965566635131836
0.011029481887817383
0.011981487274169922
0.04695487022399902
0.05098843574523926
0.005999326705932617
0.021013736724853516
0.01499795913696289
0.006997823715209961
0.010997295379638672
0.011980056762695312
0.013997316360473633
0.003998756408691406
0.013995885848999023
0.009001016616821289
0.010995626449584961
0.014999866485595703
0.018967390060424805
0.010998725891113281
0.012001276016235352
0.013003349304199219
0.033002376556396484
0.01996636390686035
0.010998249053955078
0.002998828887939453
0.020999670028686523
0.00800180435180664
0.007020711898803711
0.04399538040161133
0.01600027084350586
0.01102590560913086
0.004983425140380859
0.04200434684753418
0.027016401290893555
0.035986900329589844
0.005998134613037109
0.057982683181762695
0.011999845504760742
0.01600360870361328
0.008998632431030273
0.00500035285949707
0.02698206901550293
0.006994724273681641
0.02099752426147461
0.023967504501342773
0.00400090217590332
0.0070209503173828125
0.00899815559387207
0.012000799179077148
0.007996797561645508
0.002996206283569336
0.008997678756713867
0.027976512908935547
0.023998260498046875
0.026999950408935547
0.011003494262695312
0.007011890411376953
0.0149993896484375
0.0039997100830078125
0.006024599075317383
0.021984100341796875
0.026010751724243164
0.022977113723754883
0.013003110885620117
0.033989906311035156
0.015997886657714844
0.01199483871459961
0.02198028564453125
0.009016752243041992
0.03300642967224121
0.005030393600463867
0.008002042770385742
0.006000518798828125
0.027001142501831055
0.011002540588378906
0.02600240707397461
0.01799750328063965
0.026990890502929688
0.03897833824157715
0.042017221450805664
0.02496051788330078
0.029995441436767578
0.0060002803802490234
0.02003931999206543
0.019022703170776367
0.020994901657104492
0.014004230499267578
0.022028684616088867
0.004998207092285156
0.012981653213500977
0.013023614883422852
0.008005619049072266
0.010999917984008789
0.01702594757080078
0.008989334106445312
0.021971702575683594
0.01699519157409668
0.024002790451049805
0.013999462127685547
0.006027698516845703
0.021020174026489258
0.046041011810302734
0.02200031280517578
0.010997772216796875
0.01199483871459961
0.009010791778564453
0.003999948501586914
0.016999006271362305
0.021973133087158203
0.013973712921142578
0.03394198417663574
0.04298543930053711
0.009984970092773438
0.00800013542175293
0.021985769271850586
0.02399134635925293
0.032944440841674805
0.008997440338134766
0.00700068473815918
0.03802824020385742
0.018020153045654297
0.009998798370361328
0.028028011322021484
0.012012481689453125
0.01897597312927246
0.026017189025878906
0.013031244277954102
0.01702570915222168
0.006001949310302734
0.0030090808868408203
0.005015134811401367
0.017001867294311523
0.023001909255981445
0.005999565124511719
0.008983135223388672
0.02399754524230957
0.010998964309692383
0.00902414321899414
0.029993534088134766
0.004998683929443359
0.010000467300415039
0.019961118698120117
0.01499795913696289
0.02500152587890625
0.008000373840332031
0.016017913818359375
0.03795194625854492
0.02198028564453125
0.008966684341430664
0.00999903678894043
0.003998517990112305
0.013027191162109375
0.01699972152709961
0.007993221282958984
0.01600050926208496
0.013983964920043945
0.013998270034790039
0.015964031219482422
0.023003101348876953
0.01899576187133789
0.018999814987182617
0.006000518798828125
0.03901100158691406
0.01199960708618164
0.006996870040893555
0.01102304458618164
0.034982919692993164
0.019978046417236328
0.006999015808105469
0.01701641082763672
0.049996137619018555
0.0029997825622558594
0.02594447135925293
0.013000249862670898
0.013001203536987305
0.032000064849853516
0.03997921943664551
0.030976533889770508
0.014993667602539062
0.028972387313842773
0.009979963302612305
0.010994434356689453
0.008020162582397461
0.007992982864379883
0.015982627868652344
0.03197789192199707
0.02699422836303711
0.022004365921020508
0.023990154266357422
0.011019468307495117
0.014990091323852539
0.0039980411529541016
0.006003379821777344
0.02401137351989746
0.009000301361083984
0.03299665451049805
0.020000696182250977
0.010561466217041016
0.012015819549560547
0.00901651382446289
0.02000284194946289
0.011000633239746094
0.013997077941894531
0.02197575569152832
0.01300048828125
0.019002199172973633
0.0069773197174072266
0.004000663757324219
0.02198028564453125
0.03708386421203613
0.010997772216796875
0.026507854461669922
0.03800177574157715
0.0070285797119140625
0.010999917984008789
0.011973381042480469
0.019014835357666016
0.0270230770111084
0.012994527816772461
0.008951663970947266
0.013997793197631836
0.04052305221557617
0.008998632431030273
0.02397465705871582
0.014002561569213867
0.024997711181640625
0.030005693435668945
0.011997461318969727
0.005999326705932617
0.025967836380004883
0.010980606079101562
0.04102063179016113
0.013000965118408203
0.01897287368774414
0.024003028869628906
0.010996341705322266
0.05799674987792969
0.01699995994567871
0.0269925594329834
0.030015230178833008
0.01800990104675293
0.01697540283203125
0.007970571517944336
0.009991884231567383
0.025998592376708984
0.021961450576782227
0.02499699592590332
0.010001182556152344
0.0029985904693603516
0.003004789352416992
0.006988525390625
0.01699972152709961
0.013015985488891602
0.022038936614990234
0.02800297737121582
0.02395772933959961
0.006003618240356445
0.05298805236816406
