0.0029981136322021484
0.002000093460083008
0.001967191696166992
0.0009853839874267578
0.0030007362365722656
0.0019791126251220703
0.001979351043701172
0.002995014190673828
0.004025936126708984
0.001999378204345703
0.0009999275207519531
0.0010020732879638672
0.007000923156738281
0.0030050277709960938
0.003978729248046875
0.0009965896606445312
0.005000114440917969
0.0019986629486083984
0.0009882450103759766
0.003000020980834961
0.0020003318786621094
0.0015361309051513672
0.003004789352416992
0.0070307254791259766
0.002980947494506836
0.0020017623901367188
0.0009989738464355469
0.0010006427764892578
0.003003835678100586
0.004004240036010742
0.001990079879760742
0.0029840469360351562
0.002012014389038086
0.002001047134399414
0.0019769668579101562
0.0009989738464355469
0.002015352249145508
0.0020132064819335938
0.007987022399902344
0.003000497817993164
0.003998994827270508
0.003991127014160156
0.001996278762817383
0.001989126205444336
0.003000974655151367
0.0010020732879638672
0.001997709274291992
0.0020003318786621094
0.0029993057250976562
0.0010018348693847656
0.003991365432739258
0.0029845237731933594
0.002969980239868164
0.002000570297241211
0.0
0.005018711090087891
0.002996683120727539
0.003998517990112305
0.0009999275207519531
0.0049932003021240234
0.003999471664428711
0.0019855499267578125
0.0009982585906982422
0.004988431930541992
0.008001327514648438
0.0020024776458740234
0.0030012130737304688
0.0029795169830322266
0.0019998550415039062
0.0030083656311035156
0.0020012855529785156
0.002000570297241211
0.0010023117065429688
0.005002737045288086
0.00400090217590332
0.005000591278076172
0.0
0.002988100051879883
0.0019996166229248047
0.003000020980834961
0.00099945068359375
0.003998279571533203
0.006998777389526367
0.004999637603759766
0.003006458282470703
0.002998828887939453
0.0019915103912353516
0.0010001659393310547
0.004001617431640625
0.003984928131103516
0.001996755599975586
0.000997304916381836
0.0009999275207519531
0.0019998550415039062
0.0020012855529785156
0.0010099411010742188
0.0030024051666259766
0.0009982585906982422
0.0029790401458740234
0.0039980411529541016
0.01000070571899414
0.0009984970092773438
0.0020017623901367188
0.0030007362365722656
0.003999471664428711
0.003007650375366211
0.00099945068359375
0.002001047134399414
0.0010006427764892578
0.003000020980834961
0.005013465881347656
0.0030221939086914062
0.0010004043579101562
0.0030112266540527344
0.0020003318786621094
0.002000570297241211
0.004026651382446289
0.00599980354309082
0.0019893646240234375
0.0029990673065185547
0.0019998550415039062
0.00799417495727539
0.005040884017944336
0.0020024776458740234
0.0020012855529785156
0.004001140594482422
0.0020017623901367188
0.004982948303222656
0.004992008209228516
0.0010173320770263672
0.002003192901611328
0.004024982452392578
0.0030002593994140625
0.002000093460083008
0.003973960876464844
0.005012989044189453
0.00699925422668457
0.0019888877868652344
0.0019974708557128906
0.00397181510925293
0.0020148754119873047
0.003998517990112305
0.0020012855529785156
0.0029821395874023438
0.005003213882446289
0.0010066032409667969
0.001003265380859375
0.0
0.0029997825622558594
0.0019843578338623047
0.0010142326354980469
0.003993511199951172
0.0030007362365722656
0.003009319305419922
0.004995822906494141
0.0010004043579101562
0.0009996891021728516
0.003998279571533203
0.0010013580322265625
0.0020003318786621094
0.004995822906494141
0.003001689910888672
0.003994941711425781
0.002000093460083008
0.0019843578338623047
0.006000518798828125
0.005013227462768555
0.003022432327270508
0.002001047134399414
0.003979206085205078
0.0010151863098144531
0.002999544143676758
0.002000093460083008
0.002012014389038086
0.002990245819091797
0.0019850730895996094
0.002001047134399414
0.0020003318786621094
0.0029993057250976562
0.0019986629486083984
0.0020008087158203125
0.0009987354278564453
0.001994609832763672
0.0019829273223876953
0.007987737655639648
0.002001047134399414
0.002000570297241211
0.00600123405456543
0.003999471664428711
0.002999544143676758
0.0009999275207519531
0.0030045509338378906
0.0020024776458740234
0.007991790771484375
0.0
0.003990888595581055
0.002004384994506836
0.002001523971557617
0.0010111331939697266
0.002017498016357422
0.006997823715209961
0.003966331481933594
0.0010006427764892578
0.008010387420654297
0.0019998550415039062
0.0009703636169433594
0.0039997100830078125
0.003001689910888672
0.007016420364379883
0.0020012855529785156
0.003999948501586914
0.0010104179382324219
0.0019996166229248047
0.0030052661895751953
0.004979133605957031
0.0019998550415039062
0.0010006427764892578
0.0020072460174560547
0.0020036697387695312
0.0019822120666503906
0.001993894577026367
0.00799870491027832
0.002020597457885742
0.002970457077026367
0.0009772777557373047
0.0019996166229248047
0.004999876022338867
0.0049991607666015625
0.00098419189453125
0.005003690719604492
0.0019996166229248047
0.002001047134399414
0.00401759147644043
0.0020236968994140625
0.0010077953338623047
0.0020008087158203125
0.002000570297241211
0.0050182342529296875
0.004003763198852539
0.002001047134399414
0.0020034313201904297
0.0009999275207519531
0.00396728515625
0.002026796340942383
0.0020020008087158203
0.008000373840332031
0.0039997100830078125
0.0
0.007997751235961914
0.00500178337097168
0.004997968673706055
0.0019986629486083984
0.004998922348022461
0.002003908157348633
0.0010018348693847656
0.0020012855529785156
0.0010097026824951172
0.0050046443939208984
0.002000093460083008
0.0029838085174560547
0.0019996166229248047
0.004000186920166016
0.004993438720703125
0.009999990463256836
0.00803518295288086
0.0029959678649902344
0.0
0.002997875213623047
0.003001689910888672
0.0019998550415039062
0.01198577880859375
0.004011631011962891
0.002974271774291992
0.0009996891021728516
0.006999969482421875
0.003999233245849609
0.00899958610534668
0.005000114440917969
0.00599980354309082
0.001996755599975586
0.0019989013671875
0.001999378204345703
0.0020284652709960938
0.0019965171813964844
0.003999233245849609
0.007014751434326172
0.009999990463256836
0.0009980201721191406
0.0
0.005003452301025391
0.0020024776458740234
0.001979351043701172
0.001001119613647461
0.0019867420196533203
0.003999948501586914
0.00699925422668457
0.007016897201538086
0.000997781753540039
0.001995086669921875
0.005000114440917969
0.0019991397857666016
0.0013051033020019531
0.005013704299926758
0.004994630813598633
0.00798654556274414
0.0009961128234863281
0.004002094268798828
0.003000020980834961
0.0010008811950683594
0.006012439727783203
0.002001523971557617
0.009979724884033203
0.0010013580322265625
0.004998922348022461
0.0009999275207519531
0.00696110725402832
0.0040225982666015625
0.005003213882446289
0.00700068473815918
0.003003358840942383
0.0030012130737304688
0.009003162384033203
0.002001047134399414
0.004966259002685547
0.0009999275207519531
0.0039713382720947266
0.0039997100830078125
0.002001523971557617
0.005014657974243164
0.0020008087158203125
0.0019919872283935547
0.0010030269622802734
0.001999378204345703
0.0010027885437011719
0.0020008087158203125
0.0019996166229248047
0.005003929138183594
0.0010037422180175781
0.00099945068359375
0.0019989013671875
0.0009965896606445312
0.002981901168823242
0.0020322799682617188
0.011001110076904297
0.0019774436950683594
0.008002519607543945
0.0009784698486328125
0.0019996166229248047
0.0029993057250976562
0.0030007362365722656
0.00099945068359375
0.0029993057250976562
0.005999326705932617
0.002999544143676758
0.003000020980834961
0.00398564338684082
0.00400090217590332
0.004025459289550781
0.003980159759521484
0.0010035037994384766
0.003999471664428711
0.006000995635986328
0.003999948501586914
0.002000093460083008
0.002002716064453125
0.006999969482421875
0.012049436569213867
0.0029997825622558594
0.0010013580322265625
0.002996683120727539
0.004000663757324219
0.0009992122650146484
0.0019724369049072266
0.0030002593994140625
0.0050201416015625
0.0019998550415039062
0.002002239227294922
0.004998922348022461
0.0009932518005371094
0.0019996166229248047
0.003992557525634766
0.001971006393432617
0.0020008087158203125
0.007017374038696289
0.0020055770874023438
0.0029754638671875
0.002975940704345703
0.0020165443420410156
0.00400090217590332
0.0020017623901367188
0.002006053924560547
0.002001523971557617
0.0019991397857666016
0.0030422210693359375
0.001986265182495117
0.003026247024536133
0.001001119613647461
0.003000020980834961
0.0020020008087158203
0.003999471664428711
0.004004955291748047
0.01000666618347168
0.0029833316802978516
0.0019545555114746094
0.003999948501586914
0.0
0.000995635986328125
0.0020008087158203125
0.001990795135498047
0.0019795894622802734
0.005002260208129883
0.0019996166229248047
0.010005950927734375
0.001998424530029297
0.003000497817993164
0.001003265380859375
0.001001596450805664
0.0029985904693603516
0.002000093460083008
0.0009999275207519531
0.010001897811889648
0.000997781753540039
0.0029976367950439453
0.0020020008087158203
0.0020151138305664062
0.0019981861114501953
0.00500035285949707
0.0029990673065185547
0.005005359649658203
0.005000114440917969
0.002996206283569336
0.003000020980834961
0.005028247833251953
0.0009925365447998047
0.003020763397216797
0.009000778198242188
0.0029807090759277344
0.006000041961669922
0.001008749008178711
0.0019974708557128906
0.004011392593383789
0.00800323486328125
0.0020008087158203125
0.004027366638183594
0.002027273178100586
0.003000974655151367
0.0010170936584472656
0.004979848861694336
0.0010001659393310547
0.0010039806365966797
0.005990743637084961
0.002000093460083008
0.0019865036010742188
0.00099945068359375
0.002000570297241211
0.00400543212890625
0.002986907958984375
0.0010020732879638672
0.001983165740966797
0.004998922348022461
0.0009996891021728516
0.0030183792114257812
0.00400090217590332
0.0019998550415039062
0.00099945068359375
0.0029838085174560547
0.003004789352416992
0.003000020980834961
0.004980325698852539
0.0009829998016357422
0.003998756408691406
0.00400233268737793
0.0029990673065185547
0.002016305923461914
0.0039975643157958984
0.0019829273223876953
0.003975391387939453
0.0009775161743164062
0.0020020008087158203
0.0040378570556640625
0.010000228881835938
0.007986068725585938
0.002983570098876953
0.002033233642578125
0.0010030269622802734
0.0029976367950439453
0.007999420166015625
0.001005411148071289
0.0009999275207519531
0.0060007572174072266
0.002017974853515625
0.001980304718017578
0.0030243396759033203
0.0029964447021484375
0.002000093460083008
0.005999565124511719
0.002016305923461914
0.001999378204345703
0.0019986629486083984
0.0039997100830078125
