0.0019996166229248047
0.0009987354278564453
0.003993511199951172
0.0009834766387939453
0.0010035037994384766
0.0
0.0020143985748291016
0.0009992122650146484
0.0009999275207519531
0.0009992122650146484
0.004998445510864258
0.002015352249145508
0.001998424530029297
0.0009968280792236328
0.0010037422180175781
0.0009989738464355469
0.009001970291137695
0.004999637603759766
0.002002239227294922
0.0019986629486083984
0.002001523971557617
0.0
0.0010006427764892578
0.0009832382202148438
0.002000093460083008
0.0
0.0010008811950683594
0.003996133804321289
0.015999317169189453
0.008999347686767578
0.0
0.0020003318786621094
0.001990795135498047
0.001001119613647461
0.0
0.0010023117065429688
0.007004976272583008
0.0019893646240234375
0.010012388229370117
0.003999471664428711
0.0010149478912353516
0.003996133804321289
0.0020020008087158203
0.0010526180267333984
0.0020008087158203125
0.0010001659393310547
0.002001047134399414
0.0010013580322265625
0.0010039806365966797
0.0010004043579101562
0.009984254837036133
0.005982875823974609
0.0010008811950683594
0.0
0.001004934310913086
0.0009999275207519531
0.002000570297241211
0.0020046234130859375
0.0009984970092773438
0.0059888362884521484
0.008001327514648438
0.002986431121826172
0.0
0.004999399185180664
0.006000041961669922
0.00099945068359375
0.0009980201721191406
0.0019986629486083984
0.0010035037994384766
0.0009975433349609375
0.0
0.000997781753540039
0.0010013580322265625
0.0009965896606445312
0.033986568450927734
0.003002166748046875
0.0009832382202148438
0.001004934310913086
0.0049991607666015625
0.010000467300415039
0.0020003318786621094
0.002001523971557617
0.0010013580322265625
0.0020017623901367188
0.0010151863098144531
0.0
0.0009980201721191406
0.002003192901611328
0.00099945068359375
0.007999420166015625
0.0
0.0009953975677490234
0.004001140594482422
0.001994609832763672
0.0
0.0010013580322265625
0.0009989738464355469
0.001007080078125
0.004998683929443359
0.0009996891021728516
0.023998737335205078
0.0029993057250976562
0.02100229263305664
0.003000974655151367
0.0010037422180175781
0.0020003318786621094
0.0
0.0019974708557128906
0.003016233444213867
0.010990619659423828
0.006012678146362305
0.0
0.0009996891021728516
0.002004384994506836
0.002004861831665039
0.0010020732879638672
0.0
0.0
0.0030074119567871094
0.0019958019256591797
0.0010004043579101562
0.002021312713623047
0.0009860992431640625
0.007998228073120117
0.0009834766387939453
0.021014928817749023
0.0029990673065185547
0.0010001659393310547
0.021999597549438477
0.0009987354278564453
0.0009920597076416016
0.0010144710540771484
0.00599980354309082
0.0010006427764892578
0.0010037422180175781
0.019999980926513672
0.013002634048461914
0.0020024776458740234
0.0010001659393310547
0.0019981861114501953
0.004001140594482422
0.0089874267578125
0.0020008087158203125
0.008001089096069336
0.0020041465759277344
0.0010006427764892578
0.001001596450805664
0.0010020732879638672
0.0010006427764892578
0.0019986629486083984
0.0009961128234863281
0.0009987354278564453
0.002002716064453125
0.002013683319091797
0.0029985904693603516
0.002019166946411133
0.0010097026824951172
0.007999181747436523
0.0019981861114501953
0.006986856460571289
0.0009870529174804688
0.0
0.0010156631469726562
0.003000974655151367
0.004995107650756836
0.0029871463775634766
0.013994693756103516
0.0019991397857666016
0.0010008811950683594
0.006007194519042969
0.0010013580322265625
0.017993927001953125
0.0009996891021728516
0.0010097026824951172
0.0009932518005371094
0.002017974853515625
0.0010027885437011719
0.0020058155059814453
0.001986980438232422
0.0009870529174804688
0.0010001659393310547
0.00099945068359375
0.005983829498291016
0.002001047134399414
0.002005338668823242
0.0009996891021728516
0.0010039806365966797
0.002002239227294922
0.0010001659393310547
0.000985860824584961
0.0009999275207519531
0.01702260971069336
0.0019981861114501953
0.018020153045654297
0.0010170936584472656
0.010000944137573242
0.0019989013671875
0.005995273590087891
0.001989603042602539
0.0
0.0009999275207519531
0.0010066032409667969
0.003001689910888672
0.024001598358154297
0.001010894775390625
0.0
0.01900172233581543
0.002013683319091797
0.006983518600463867
0.0
0.0020074844360351562
0.0009984970092773438
0.0019834041595458984
0.003999948501586914
0.0009989738464355469
0.0029997825622558594
0.0009918212890625
0.0009982585906982422
0.0
0.0009810924530029297
0.0
0.014996767044067383
0.0009996891021728516
0.0010120868682861328
0.001001596450805664
0.003000020980834961
0.007002115249633789
0.001999378204345703
0.0030007362365722656
0.005002737045288086
0.0009872913360595703
0.0009989738464355469
0.002000093460083008
0.0019845962524414062
0.014998435974121094
0.001985311508178711
0.005999088287353516
0.0030143260955810547
0.010008811950683594
0.0069997310638427734
0.0
0.0030035972595214844
0.0020017623901367188
0.0010006427764892578
0.002001523971557617
0.008002758026123047
0.024018287658691406
0.0010020732879638672
0.01800084114074707
0.020001888275146484
0.0020017623901367188
0.002000093460083008
0.017002582550048828
0.0010004043579101562
0.0009999275207519531
0.00099945068359375
0.0010216236114501953
0.02301645278930664
0.0010006427764892578
0.004002809524536133
0.0010142326354980469
0.00599980354309082
0.0009980201721191406
0.004998207092285156
0.0030040740966796875
0.0009987354278564453
0.0010020732879638672
0.0009999275207519531
0.025011062622070312
0.001999378204345703
0.026001453399658203
0.002984285354614258
0.0010004043579101562
0.0
0.011999130249023438
0.0029990673065185547
0.0019996166229248047
0.003000497817993164
0.022983789443969727
0.0
0.0010037422180175781
0.003999948501586914
0.0009839534759521484
0.0010006427764892578
0.003999471664428711
0.017014741897583008
0.003999948501586914
0.0009999275207519531
0.000989675521850586
0.007998466491699219
0.0
0.0049970149993896484
0.0020003318786621094
0.0070002079010009766
0.00600123405456543
0.006986379623413086
0.0009987354278564453
0.0010020732879638672
0.002000093460083008
0.0010013580322265625
0.0009989738464355469
0.0
0.038013458251953125
0.0029969215393066406
0.02100539207458496
0.0
0.003995418548583984
0.0019943714141845703
0.0010035037994384766
0.008000373840332031
0.0010001659393310547
0.014000177383422852
0.00099945068359375
0.001001119613647461
0.0009996891021728516
0.0010004043579101562
0.0030007362365722656
0.0020020008087158203
0.0030012130737304688
0.00099945068359375
0.003977298736572266
0.0030007362365722656
0.0010004043579101562
0.0019960403442382812
0.0010001659393310547
0.0009987354278564453
0.00099945068359375
0.004999876022338867
0.000985860824584961
0.004015684127807617
0.0010001659393310547
0.0010008811950683594
0.002001523971557617
0.0009999275207519531
0.0030002593994140625
0.0029993057250976562
0.0019998550415039062
0.002022981643676758
0.000995635986328125
0.0019986629486083984
0.0009992122650146484
0.00099945068359375
0.001989603042602539
0.06999921798706055
0.0019991397857666016
0.0010166168212890625
0.0010023117065429688
0.0
0.001996278762817383
0.0010006427764892578
0.0029964447021484375
0.0019996166229248047
0.019013404846191406
0.003999948501586914
0.0019996166229248047
0.003979682922363281
0.007001399993896484
0.001999378204345703
0.0020008087158203125
0.0
0.0010008811950683594
0.0020008087158203125
0.002015352249145508
0.0010077953338623047
0.002981424331665039
0.0020046234130859375
0.0009999275207519531
0.0009942054748535156
0.004002809524536133
0.002016305923461914
0.00099945068359375
0.0010013580322265625
0.0009789466857910156
0.0020165443420410156
0.002002239227294922
0.0009875297546386719
0.004015207290649414
0.0020165443420410156
0.0009999275207519531
0.0009996891021728516
0.0019953250885009766
0.0
0.00099945068359375
0.00500035285949707
0.003995656967163086
0.0
0.002000570297241211
0.004998207092285156
0.008999347686767578
0.0020024776458740234
0.0010004043579101562
0.0019998550415039062
0.0009975433349609375
0.0020003318786621094
0.00799870491027832
0.0020003318786621094
0.0010001659393310547
0.00800013542175293
0.004003763198852539
0.002991914749145508
0.007001399993896484
0.0009999275207519531
0.0039865970611572266
0.0020020008087158203
0.011999368667602539
0.0010004043579101562
0.0010001659393310547
0.0020012855529785156
0.0039975643157958984
0.0010135173797607422
0.002000570297241211
0.04099869728088379
0.0009992122650146484
0.001001119613647461
0.0009996891021728516
0.0009837150573730469
0.0029730796813964844
0.003000974655151367
0.002001523971557617
0.002998828887939453
0.0019989013671875
0.005001544952392578
0.002001523971557617
0.001010894775390625
0.0019986629486083984
0.00900125503540039
0.0040013790130615234
0.0010013580322265625
0.009003162384033203
0.003998756408691406
0.0070002079010009766
0.002001047134399414
0.0010156631469726562
0.001987934112548828
0.0010001659393310547
0.0009999275207519531
0.0010159015655517578
0.029003143310546875
0.002015352249145508
0.0009665489196777344
0.010998964309692383
0.0009801387786865234
0.0010013580322265625
0.0010137557983398438
0.000978708267211914
0.004999399185180664
0.0009877681732177734
0.0019788742065429688
0.002000093460083008
0.0010006427764892578
0.0029990673065185547
0.003000020980834961
0.0009818077087402344
0.0
0.0019998550415039062
0.0010154247283935547
0.0030014514923095703
0.003003358840942383
0.0010001659393310547
0.0030007362365722656
0.0010004043579101562
0.0009996891021728516
0.024010896682739258
0.001001119613647461
0.0009980201721191406
0.004000186920166016
0.0019996166229248047
0.0030002593994140625
0.003999948501586914
0.0010018348693847656
0.0060024261474609375
0.0010044574737548828
0.0009987354278564453
0.002998828887939453
0.0019981861114501953
0.0010001659393310547
0.005001544952392578
0.0010001659393310547
0.003002166748046875
0.0009992122650146484
0.015001535415649414
0.023998498916625977
0.0010218620300292969
0.0010006427764892578
0.0010001659393310547
0.0009844303131103516
0.0030193328857421875
0.014996051788330078
0.001003265380859375
0.0020055770874023438
0.0030002593994140625
0.001001596450805664
0.002002239227294922
0.0019998550415039062
0.001985788345336914
0.0020012855529785156
0.0020003318786621094
0.0009996891021728516
0.0009996891021728516
0.01898360252380371
