0.09200239181518555
0.22099995613098145
0.08700275421142578
0.07300472259521484
0.0359957218170166
0.0719914436340332
0.11398553848266602
0.04600071907043457
0.054996490478515625
0.21501564979553223
0.1172945499420166
0.12598538398742676
0.11199760437011719
0.0949862003326416
0.09699583053588867
0.16201400756835938
0.20501327514648438
0.13300013542175293
0.1009829044342041
0.09900069236755371
0.1219944953918457
0.10498189926147461
0.07100296020507812
0.17100095748901367
0.17600083351135254
0.18200087547302246
0.06201434135437012
0.09299969673156738
0.24300193786621094
0.233015775680542
0.11498427391052246
0.17649149894714355
0.11400818824768066
0.0689859390258789
0.07501435279846191
0.051024675369262695
0.11599326133728027
0.11001157760620117
0.32198500633239746
0.3489995002746582
0.06398606300354004
0.152998685836792
0.05498313903808594
0.04401659965515137
0.09000277519226074
0.05999755859375
0.10899949073791504
0.04199671745300293
0.09909462928771973
0.07698774337768555
0.11599612236022949
0.2710132598876953
0.07501411437988281
0.03599715232849121
0.032035112380981445
0.08701467514038086
0.14401483535766602
0.14499878883361816
0.1100156307220459
0.23686766624450684
0.16101574897766113
0.1220235824584961
0.07201528549194336
0.19800066947937012
0.16709542274475098
0.08796977996826172
0.14700078964233398
0.07900118827819824
0.12049007415771484
0.0720057487487793
0.04201769828796387
0.12500262260437012
0.1400134563446045
0.0849924087524414
0.15802597999572754
0.14199566841125488
0.07599139213562012
0.49001407623291016
0.04600024223327637
0.2109992504119873
0.04199981689453125
0.18999576568603516
0.37200164794921875
0.15398430824279785
0.07799816131591797
0.11294770240783691
0.25199246406555176
0.07298564910888672
0.11000299453735352
0.21112966537475586
0.040010690689086914
0.020999431610107422
0.13500165939331055
0.1950054168701172
0.047000885009765625
0.055977821350097656
0.05100083351135254
0.09799861907958984
0.07899737358093262
0.186004638671875
0.1470029354095459
0.16200709342956543
0.2219839096069336
0.26399755477905273
0.06799602508544922
0.11301040649414062
0.10401582717895508
0.05900001525878906
0.13300037384033203
0.16899633407592773
0.17398786544799805
0.22498750686645508
0.07000184059143066
0.10499835014343262
0.1760091781616211
0.07999944686889648
0.07499551773071289
0.09700775146484375
0.2229917049407959
0.11501383781433105
0.03701019287109375
0.40998196601867676
0.21203160285949707
0.37599945068359375
0.0709991455078125
0.165008544921875
0.08301353454589844
0.3619980812072754
0.20102572441101074
0.15797948837280273
0.1140143871307373
0.11698460578918457
0.18199872970581055
0.17299485206604004
0.13301467895507812
0.21001195907592773
0.1419832706451416
0.15698623657226562
0.11198711395263672
0.16601204872131348
0.13201332092285156
0.21801233291625977
0.0670022964477539
0.42003583908081055
0.09200024604797363
0.10701394081115723
0.04101443290710449
0.04398083686828613
0.128981351852417
0.1550140380859375
0.059000492095947266
0.11199569702148438
0.16199612617492676
0.23399043083190918
0.10701346397399902
0.11999988555908203
0.08600020408630371
0.08699703216552734
0.1640162467956543
0.1940164566040039
0.07301521301269531
0.06200098991394043
0.08698558807373047
0.1609959602355957
0.18001747131347656
0.21802020072937012
0.18900179862976074
0.13401198387145996
0.14799928665161133
0.08500099182128906
0.045004844665527344
0.12303543090820312
0.15404319763183594
0.08200621604919434
0.09701228141784668
0.24600005149841309
0.08099484443664551
0.09400510787963867
0.1420152187347412
0.08800053596496582
0.11400032043457031
0.10300493240356445
0.24501490592956543
0.08599662780761719
0.06398510932922363
0.11201262474060059
0.05437970161437988
0.24300241470336914
0.14400982856750488
0.08301615715026855
0.07153034210205078
0.24798274040222168
0.20200181007385254
0.21100306510925293
0.08859753608703613
0.1980147361755371
0.09401106834411621
0.1319868564605713
0.1569986343383789
0.1100013256072998
0.1720142364501953
0.04499411582946777
0.26799511909484863
0.31101441383361816
0.03900265693664551
0.08599972724914551
0.35999250411987305
0.10598993301391602
0.2949995994567871
0.05898308753967285
0.10499978065490723
0.03199028968811035
0.07100510597229004
0.1429910659790039
0.1100313663482666
0.06501269340515137
0.0769960880279541
0.0620119571685791
0.06698489189147949
0.04502081871032715
0.10998773574829102
0.22600030899047852
0.09898972511291504
0.04000043869018555
0.054999589920043945
0.050002336502075195
0.13899755477905273
0.15402698516845703
0.10401678085327148
0.1694791316986084
0.10700368881225586
0.07800579071044922
0.0670022964477539
0.07001447677612305
0.1786174774169922
0.08101463317871094
0.2949984073638916
0.18198490142822266
0.17800474166870117
0.14602994918823242
0.11499691009521484
0.0819859504699707
0.12497735023498535
0.04099631309509277
0.16399812698364258
0.5459733009338379
0.27398252487182617
0.07000017166137695
0.20799803733825684
0.14798712730407715
0.10899782180786133
0.22198152542114258
0.178985595703125
0.06499385833740234
0.039020538330078125
0.1440262794494629
0.06699895858764648
0.19700026512145996
0.07199501991271973
0.12100648880004883
0.10097050666809082
0.20702695846557617
0.08003973960876465
0.21904611587524414
0.1719968318939209
0.10599756240844727
0.05296063423156738
0.26200246810913086
0.10200119018554688
0.08500552177429199
0.32801389694213867
0.11601591110229492
0.06401562690734863
0.11499691009521484
0.2799832820892334
0.1619853973388672
0.3210148811340332
0.1429734230041504
0.2610163688659668
0.20898723602294922
0.11101746559143066
0.09300041198730469
0.03908658027648926
0.18400096893310547
0.10999512672424316
0.28102612495422363
0.25200486183166504
0.08700084686279297
0.0770254135131836
0.10501599311828613
0.07200431823730469
0.09900307655334473
0.050004005432128906
0.14274930953979492
0.2909965515136719
0.21601533889770508
0.15200161933898926
0.07100725173950195
0.14898061752319336
0.0989983081817627
0.08399748802185059
0.033948421478271484
0.24600648880004883
0.17202091217041016
0.1899714469909668
0.052999019622802734
0.2570028305053711
0.07799458503723145
0.13898181915283203
0.13701081275939941
0.0989997386932373
0.21699929237365723
0.03299999237060547
0.19903779029846191
0.05001258850097656
0.09701299667358398
0.06499481201171875
0.08898091316223145
0.2059950828552246
0.07500624656677246
0.2180004119873047
0.4989783763885498
0.17999482154846191
0.17001557350158691
0.03600001335144043
0.0970010757446289
0.21102190017700195
0.15401744842529297
0.046015024185180664
0.10698413848876953
0.051995038986206055
0.057991743087768555
0.07197856903076172
0.12400650978088379
0.0900113582611084
0.1529848575592041
0.11001324653625488
0.12000679969787598
0.0370182991027832
0.06699991226196289
0.1100010871887207
0.05599856376647949
0.05101823806762695
0.4227292537689209
0.10399913787841797
0.08099699020385742
0.10598421096801758
0.05302286148071289
0.055005788803100586
0.13698840141296387
0.16100478172302246
0.14498329162597656
0.22896671295166016
0.38301563262939453
0.09000134468078613
0.19600987434387207
0.17501616477966309
0.1270005702972412
0.2490100860595703
0.06899738311767578
0.08801460266113281
0.13298368453979492
0.24100136756896973
0.10000944137573242
0.16501164436340332
0.19499874114990234
0.1889972686767578
0.2090003490447998
0.1009821891784668
0.07498407363891602
0.07200074195861816
0.0800163745880127
0.12002110481262207
0.10598468780517578
0.0819849967956543
0.05100750923156738
0.09098219871520996
0.08300113677978516
0.06699776649475098
0.1380162239074707
0.27402234077453613
0.07799291610717773
0.14206480979919434
0.1380152702331543
0.25099945068359375
0.20000100135803223
0.09299921989440918
0.16400432586669922
0.18601536750793457
0.10199642181396484
0.0859990119934082
0.14199471473693848
0.07598757743835449
0.1310136318206787
0.10800480842590332
0.12601065635681152
0.09703731536865234
0.23902463912963867
0.10498738288879395
0.13001227378845215
0.2579982280731201
0.15497398376464844
0.15491461753845215
0.0930016040802002
0.34005141258239746
0.05500030517578125
0.02701425552368164
0.09099984169006348
0.26398444175720215
0.16698527336120605
0.1530001163482666
0.281003475189209
0.4310164451599121
0.06398534774780273
0.1789994239807129
0.053015947341918945
0.09601569175720215
0.2359778881072998
0.10298347473144531
0.16900014877319336
0.09101676940917969
0.25800037384033203
0.07000017166137695
0.06798863410949707
0.05801510810852051
0.06200146675109863
0.3220498561859131
0.26801252365112305
0.3939836025238037
0.22703123092651367
0.13599848747253418
0.10699844360351562
0.2819976806640625
0.0580141544342041
0.12799930572509766
0.19399499893188477
0.0670006275177002
0.2799839973449707
0.18500161170959473
0.0743556022644043
0.2199995517730713
0.16300630569458008
0.0709848403930664
0.10398554801940918
0.08500409126281738
0.10398507118225098
0.05601334571838379
0.1475529670715332
0.10601925849914551
0.06101369857788086
0.12703227996826172
0.2990150451660156
0.07901787757873535
0.11499881744384766
0.14801788330078125
0.04999995231628418
0.11298704147338867
0.06299424171447754
0.12599992752075195
0.2709999084472656
0.07498025894165039
0.08000493049621582
0.1439976692199707
0.09999823570251465
0.05700087547302246
0.30100417137145996
0.13698625564575195
0.15200209617614746
0.24504446983337402
0.06099414825439453
0.1379985809326172
0.2249913215637207
0.23798489570617676
0.20501708984375
0.10100102424621582
0.1900022029876709
0.1823434829711914
0.17702865600585938
0.48299503326416016
0.1380002498626709
0.33602190017700195
0.26999759674072266
0.13698244094848633
0.12699556350708008
0.0540003776550293
0.06999969482421875
0.263979434967041
0.14400506019592285
0.12297701835632324
0.07698225975036621
0.06799960136413574
0.05101585388183594
0.1719970703125
0.13399529457092285
0.22301459312438965
0.1589984893798828
0.29401636123657227
0.10894298553466797
0.08899903297424316
0.2370007038116455
