0.5005171298980713
1.0173168182373047
1.931572675704956
0.4771909713745117
0.5152361392974854
0.670041561126709
0.7287044525146484
0.6678197383880615
0.5509874820709229
1.6693799495697021
2.71260666847229
2.1529626846313477
1.2290618419647217
0.6344940662384033
1.1052241325378418
0.665830135345459
6.509539365768433
3.374967575073242
1.2620620727539062
1.3648090362548828
1.7483723163604736
0.4375038146972656
0.6274924278259277
0.6110804080963135
1.271625280380249
0.43115234375
0.6084754467010498
2.156562328338623
8.438690185546875
5.605327367782593
0.5791637897491455
1.1989128589630127
1.2635831832885742
0.6447665691375732
0.5386159420013428
0.4603111743927002
4.322033882141113
1.2557907104492188
5.580047845840454
2.6580402851104736
0.7111349105834961
2.6768667697906494
0.7049953937530518
0.5228228569030762
0.6894128322601318
0.4400014877319336
1.147066354751587
0.5346016883850098
0.629277229309082
0.5962281227111816
5.112804889678955
3.2090113162994385
0.6948542594909668
0.3523869514465332
1.0094215869903564
1.0013291835784912
1.380279302597046
1.2473578453063965
1.044001579284668
3.8612618446350098
5.165525674819946
2.031262159347534
0.4634671211242676
5.037335157394409
2.7436225414276123
0.7550318241119385
0.6938154697418213
0.6697695255279541
0.6667027473449707
0.4841952323913574
0.5006492137908936
0.6755869388580322
0.6754562854766846
0.6269996166229248
19.352628469467163
2.6304938793182373
0.6310222148895264
0.6666302680969238
2.2229037284851074
4.186697721481323
0.44300317764282227
2.5306055545806885
1.22859787940979
1.2771570682525635
1.0533323287963867
0.49535107612609863
1.137998104095459
0.61857008934021
1.2140262126922607
3.560452699661255
0.4382500648498535
0.3229825496673584
1.2780842781066895
1.3241615295410156
0.5740034580230713
1.2626707553863525
0.49975037574768066
0.6217255592346191
2.077068567276001
0.7364675998687744
9.473440885543823
1.0309391021728516
14.576618432998657
1.7742300033569336
0.7365808486938477
1.370957612991333
0.6267750263214111
1.255030632019043
1.3615550994873047
6.522963523864746
2.262584924697876
0.5165858268737793
0.5173530578613281
1.1449942588806152
1.9890563488006592
0.6889526844024658
0.46724939346313477
0.4774613380432129
1.3962268829345703
1.4292590618133545
0.7174220085144043
1.3379662036895752
1.0741193294525146
4.999219179153442
0.6890285015106201
9.565491676330566
1.9592328071594238
0.6230666637420654
14.822149753570557
0.6480891704559326
0.5081288814544678
1.091092586517334
3.444955348968506
0.6702191829681396
1.0454864501953125
12.829793691635132
8.486611127853394
1.470144510269165
0.7369906902313232
0.6832902431488037
2.6970200538635254
5.183047771453857
1.0657203197479248
4.045259475708008
1.478010892868042
1.1799826622009277
0.48137784004211426
0.4751889705657959
0.49512767791748047
2.1573355197906494
0.6034212112426758
0.5328688621520996
2.0300745964050293
1.969651699066162
2.113048553466797
1.110826015472412
1.2082545757293701
5.460670471191406
1.3924870491027832
2.904991626739502
0.7166852951049805
0.6225488185882568
1.7176158428192139
2.091087818145752
3.5008225440979004
1.435204267501831
7.4037697315216064
0.6943557262420654
0.6388554573059082
3.7810657024383545
0.500983476638794
11.62505292892456
0.6546580791473389
0.7020595073699951
0.7246546745300293
1.8650078773498535
0.4679899215698242
1.396644115447998
1.061838150024414
0.696800947189331
0.7601888179779053
0.683518648147583
3.1305317878723145
1.3171441555023193
0.6608943939208984
1.341845989227295
0.5129773616790771
1.3770182132720947
0.722771167755127
1.0010051727294922
0.6308910846710205
9.14487361907959
1.0449192523956299
13.850140571594238
0.4856550693511963
5.516719579696655
1.3862879276275635
2.681586265563965
1.3958587646484375
0.43445253372192383
0.6105425357818604
0.6584475040435791
1.464721918106079
14.337779521942139
0.5927267074584961
0.4891541004180908
8.959537982940674
1.0229268074035645
5.24402642250061
0.4747018814086914
1.5301806926727295
0.5269148349761963
1.3654742240905762
2.901015043258667
1.0977869033813477
1.386387825012207
0.5933148860931396
0.501079797744751
0.6139612197875977
0.4920816421508789
0.46880173683166504
6.715494155883789
0.6104309558868408
0.7036499977111816
0.4998030662536621
1.8894827365875244
3.6106576919555664
1.9521098136901855
1.504124402999878
2.691981792449951
0.6550118923187256
0.7159452438354492
0.7115566730499268
1.0179963111877441
7.252037525177002
0.6232903003692627
1.1190571784973145
1.953087568283081
5.060884237289429
2.0748727321624756
0.4620232582092285
2.1862857341766357
1.392951488494873
0.5122065544128418
1.1256904602050781
5.391788482666016
13.308071374893188
0.5526649951934814
9.539088487625122
11.506680727005005
1.3041296005249023
1.7880396842956543
7.440025329589844
0.6936991214752197
0.5716676712036133
0.707404375076294
0.5221006870269775
15.274900913238525
0.475968599319458
0.7305364608764648
0.6607604026794434
1.8252427577972412
0.6682696342468262
5.372046709060669
2.2812750339508057
0.6638107299804688
0.5144822597503662
0.6491703987121582
13.802765846252441
0.6075892448425293
16.17007565498352
2.0121216773986816
0.504237174987793
0.5392155647277832
8.034444332122803
1.4839997291564941
1.3497731685638428
1.3022184371948242
12.913707971572876
0.648343563079834
0.7248716354370117
2.1763012409210205
0.6291830539703369
0.570648193359375
2.7547478675842285
9.445448875427246
3.9996719360351562
0.575019121170044
0.44799184799194336
5.148085117340088
0.5106303691864014
1.37310791015625
1.3830010890960693
3.795135498046875
3.6533679962158203
4.365553855895996
1.1929044723510742
0.5055160522460938
1.904989242553711
1.1508214473724365
0.5240418910980225
0.35307860374450684
22.76886796951294
2.162600517272949
11.322958946228027
0.5891571044921875
2.974998950958252
0.6939506530761719
0.5027413368225098
2.2570981979370117
1.2648870944976807
6.932925462722778
0.5109024047851562
0.7065277099609375
0.6797165870666504
0.5108373165130615
1.4848875999450684
1.4201409816741943
2.1694560050964355
0.49181509017944336
2.1606295108795166
2.303408145904541
0.6899194717407227
1.4489433765411377
0.4664885997772217
0.6590292453765869
0.6696159839630127
2.8167006969451904
0.676368236541748
2.8365583419799805
0.7448949813842773
0.6491608619689941
0.6901357173919678
0.9660139083862305
1.1118216514587402
1.541135311126709
1.4114952087402344
0.5007193088531494
0.6267647743225098
2.2488861083984375
1.1002135276794434
0.47327470779418945
0.6795778274536133
48.217264890670776
1.218489170074463
0.7469081878662109
0.6018295288085938
0.6044223308563232
0.6597669124603271
1.1027672290802002
1.4242017269134521
1.4170019626617432
8.443250894546509
2.5502500534057617
0.7148497104644775
1.9073317050933838
4.513558626174927
2.1288511753082275
1.3664357662200928
0.5607376098632812
1.0665860176086426
1.3006088733673096
1.3282866477966309
0.6960175037384033
1.413790225982666
1.0686945915222168
0.7369635105133057
0.40185046195983887
2.12579083442688
0.7209577560424805
0.6647207736968994
0.4821290969848633
0.5835795402526855
1.4108777046203613
1.149770736694336
0.4881775379180908
1.8499157428741455
1.2940318584442139
0.4895617961883545
0.935920000076294
1.2785556316375732
0.4807116985321045
0.6778619289398193
3.546856164932251
2.562897205352783
0.421231746673584
1.2470684051513672
2.562695026397705
5.088049411773682
2.0720407962799072
0.6638035774230957
0.8174605369567871
0.5170776844024658
0.6615629196166992
4.261072397232056
0.6773943901062012
0.5753269195556641
4.56390643119812
2.1541073322296143
1.446199655532837
3.9526474475860596
1.468580722808838
2.9440925121307373
1.1140332221984863
3.7772297859191895
0.5858914852142334
0.5948262214660645
0.6724750995635986
2.5893020629882812
1.0070180892944336
2.0576140880584717
17.399372816085815
0.6335015296936035
0.498549222946167
1.2163562774658203
0.6073124408721924
0.7601261138916016
1.4900591373443604
1.332627296447754
1.9823694229125977
1.600421667098999
1.977041482925415
1.1405184268951416
0.5027945041656494
1.3500592708587646
3.6587531566619873
2.9213294982910156
0.527665376663208
4.505301237106323
1.8189613819122314
5.1793599128723145
1.382216453552246
0.6691458225250244
0.65594482421875
0.6202013492584229
0.6346416473388672
0.636286735534668
17.373331785202026
0.6931800842285156
0.6109542846679688
7.293658494949341
1.063981294631958
0.9961490631103516
0.6739974021911621
0.46569275856018066
3.478466033935547
0.6348423957824707
2.0693507194519043
1.2032594680786133
0.4680461883544922
2.3633475303649902
1.4207358360290527
0.6880614757537842
0.6549234390258789
1.508521556854248
0.47632336616516113
2.0621235370635986
1.5980188846588135
1.255481243133545
1.9257829189300537
0.5870134830474854
1.1043190956115723
14.513375282287598
0.645472526550293
0.4611802101135254
3.3675663471221924
1.0068080425262451
1.2987029552459717
2.5822675228118896
0.48515748977661133
2.0132274627685547
0.6958098411560059
1.0879132747650146
2.342236280441284
1.059553861618042
0.6497783660888672
1.5619759559631348
0.6719088554382324
1.878371238708496
0.7111573219299316
11.035985946655273
16.591230869293213
0.5952062606811523
1.0537891387939453
0.49020886421203613
0.6504156589508057
1.3758270740509033
8.508898258209229
0.6134617328643799
1.284597635269165
2.0675201416015625
0.4893479347229004
0.6756992340087891
1.8851730823516846
2.4560070037841797
0.7462537288665771
1.4132063388824463
1.0775470733642578
0.45056867599487305
11.095503330230713
