0.4139995574951172
0.41299867630004883
0.18099427223205566
0.13600444793701172
0.08799624443054199
0.16100668907165527
0.22800779342651367
0.09901285171508789
0.13097119331359863
0.4629805088043213
0.21700096130371094
0.2650136947631836
0.21700239181518555
0.19700956344604492
0.20200347900390625
0.2789897918701172
0.42198610305786133
0.34099769592285156
0.19701457023620605
0.19198369979858398
0.2370009422302246
0.23810553550720215
0.14999079704284668
0.3479771614074707
0.4559929370880127
0.378981351852417
0.13899683952331543
0.21400976181030273
0.5129785537719727
0.5179948806762695
0.23800945281982422
0.3569905757904053
0.230987548828125
0.14801263809204102
0.16198945045471191
0.0910031795501709
0.23200035095214844
0.21398520469665527
0.6590125560760498
0.8349812030792236
0.14600920677185059
0.3240058422088623
0.12067961692810059
0.08846855163574219
0.18199753761291504
0.1309986114501953
0.23299956321716309
0.09499883651733398
0.23199701309204102
0.15900945663452148
0.24701857566833496
0.5810019969940186
0.1419985294342041
0.10000967979431152
0.07201695442199707
0.1849818229675293
0.2689957618713379
0.3809983730316162
0.23549389839172363
0.5080263614654541
0.29398274421691895
0.24303770065307617
0.13455581665039062
0.3959975242614746
0.35517239570617676
0.17107367515563965
0.16399502754211426
0.16001534461975098
0.22600269317626953
0.14799094200134277
0.11099505424499512
0.24799609184265137
0.35698771476745605
0.16900300979614258
0.3170146942138672
0.31998205184936523
0.13899636268615723
0.8419973850250244
0.09399843215942383
0.39100146293640137
0.08699870109558105
0.4400012493133545
0.7440164089202881
0.3250117301940918
0.15901947021484375
0.29427242279052734
0.4713611602783203
0.14599084854125977
0.2169959545135498
0.38408732414245605
0.08799934387207031
0.06297612190246582
0.2669837474822998
0.38399696350097656
0.1029963493347168
0.1130073070526123
0.11701583862304688
0.19299745559692383
0.18300151824951172
0.3419759273529053
0.29702043533325195
0.32001733779907227
0.4499990940093994
0.5369970798492432
0.15097737312316895
0.22598886489868164
0.2349708080291748
0.1289997100830078
0.23299908638000488
0.33600902557373047
0.40999412536621094
0.48850440979003906
0.13498854637145996
0.21498894691467285
0.326984167098999
0.1529984474182129
0.18698573112487793
0.2219679355621338
0.42450737953186035
0.23800039291381836
0.07097721099853516
0.6200137138366699
0.4300999641418457
0.8800013065338135
0.14910006523132324
0.3114440441131592
0.17799925804138184
0.7389771938323975
0.3610715866088867
0.3110051155090332
0.2534964084625244
0.25298547744750977
0.36499929428100586
0.334014892578125
0.2506868839263916
0.42046356201171875
0.29001760482788086
0.3230149745941162
0.21101117134094238
0.35300588607788086
0.26501011848449707
0.4429895877838135
0.15999627113342285
0.8580169677734375
0.20701193809509277
0.22399592399597168
0.09399580955505371
0.09101343154907227
0.2460489273071289
0.3289973735809326
0.10998106002807617
0.2140190601348877
0.3369944095611572
0.4759995937347412
0.23648738861083984
0.2429814338684082
0.18200016021728516
0.16700100898742676
0.365985631942749
0.37799572944641113
0.16701030731201172
0.13199806213378906
0.18100929260253906
0.3110005855560303
0.3489971160888672
0.43349766731262207
0.3359980583190918
0.2589597702026367
0.24900174140930176
0.18200230598449707
0.09599518775939941
0.24435663223266602
0.38037800788879395
0.16599297523498535
0.21599650382995605
0.4501626491546631
0.16899895668029785
0.16898441314697266
0.2719686031341553
0.186553955078125
0.26198339462280273
0.25652575492858887
0.4749915599822998
0.1710045337677002
0.14600586891174316
0.19260215759277344
0.1419987678527832
0.48499274253845215
0.2949972152709961
0.19396090507507324
0.1670222282409668
0.5240108966827393
0.40399813652038574
0.43599653244018555
0.16956090927124023
0.369992733001709
0.2109825611114502
0.2760145664215088
0.40000057220458984
0.2199878692626953
0.4365725517272949
0.11101174354553223
0.39800071716308594
0.6399848461151123
0.08299827575683594
0.18201255798339844
0.6943666934967041
0.20399856567382812
0.5650005340576172
0.12502360343933105
0.19197583198547363
0.07510781288146973
0.13399291038513184
0.26700448989868164
0.2449944019317627
0.13197970390319824
0.15199613571166992
0.13703203201293945
0.15500116348266602
0.10498309135437012
0.2180008888244629
0.4380025863647461
0.1919879913330078
0.09799671173095703
0.09699726104736328
0.21601033210754395
0.30052924156188965
0.3070683479309082
0.21599936485290527
0.3253777027130127
0.22000885009765625
0.1580057144165039
0.15096616744995117
0.14997482299804688
0.3572831153869629
0.19800114631652832
0.5320022106170654
0.32999539375305176
0.38104939460754395
0.32799839973449707
0.21504521369934082
0.12399578094482422
0.3050692081451416
0.08497095108032227
0.22799992561340332
1.1360080242156982
0.58701491355896
0.1210169792175293
0.49100303649902344
0.30401110649108887
0.26659512519836426
0.3020169734954834
0.3510167598724365
0.14301180839538574
0.07900118827819824
0.3069307804107666
0.1359868049621582
0.38398075103759766
0.14800286293029785
0.2650017738342285
0.28403186798095703
0.3959794044494629
0.26100921630859375
0.42507028579711914
0.31798362731933594
0.213043212890625
0.08599853515625
0.4459977149963379
0.21599745750427246
0.16399788856506348
0.7170000076293945
0.2519862651824951
0.1239933967590332
0.31299924850463867
0.5589990615844727
0.324993371963501
0.6569695472717285
0.2629966735839844
0.6159970760345459
0.5350122451782227
0.22399020195007324
0.18200016021728516
0.10342764854431152
0.4400022029876709
0.2330164909362793
0.5750110149383545
0.5150153636932373
0.1679990291595459
0.17699599266052246
0.2259964942932129
0.18500971794128418
0.25800180435180664
0.12099647521972656
0.2998661994934082
0.5740251541137695
0.4819927215576172
0.3119969367980957
0.1390366554260254
0.30101823806762695
0.21499276161193848
0.18400359153747559
0.07197833061218262
0.5698978900909424
0.3849930763244629
0.48602747917175293
0.09598302841186523
0.7110159397125244
0.13301658630371094
0.2569899559020996
0.272005558013916
0.21999049186706543
0.40499329566955566
0.10696554183959961
0.32558107376098633
0.11399340629577637
0.19509363174438477
0.14098024368286133
0.2070167064666748
0.4809858798980713
0.15500974655151367
0.4061884880065918
0.8060157299041748
0.45299696922302246
0.31099963188171387
0.09598898887634277
0.19301581382751465
0.27297401428222656
0.3269960880279541
0.11797142028808594
0.21201109886169434
0.13502025604248047
0.13301897048950195
0.14702057838439941
0.17700815200805664
0.18998408317565918
0.2950000762939453
0.2609977722167969
0.23198652267456055
0.08699941635131836
0.1250169277191162
0.3190164566040039
0.14200735092163086
0.20896172523498535
0.8259701728820801
0.18901562690734863
0.19599151611328125
0.21809625625610352
0.11153292655944824
0.24098610877990723
0.22759342193603516
0.3390181064605713
0.2529940605163574
0.3760201930999756
0.8497185707092285
0.1829662322998047
0.3650040626525879
0.36597561836242676
0.2979865074157715
0.4100015163421631
0.17801594734191895
0.2296900749206543
0.25199151039123535
0.5079984664916992
0.25097107887268066
0.3250114917755127
0.4429941177368164
0.43894171714782715
0.32598328590393066
0.20599961280822754
0.15401339530944824
0.17896556854248047
0.2110002040863037
0.25699591636657715
0.21699285507202148
0.16199398040771484
0.08798480033874512
0.2200157642364502
0.17696690559387207
0.13254523277282715
0.2269730567932129
0.580981969833374
0.15000414848327637
0.320995569229126
0.3039822578430176
0.4510157108306885
0.4780118465423584
0.21501469612121582
0.4239840507507324
0.3859834671020508
0.2350010871887207
0.18160676956176758
0.3060009479522705
0.1439955234527588
0.21497082710266113
0.21801471710205078
0.24698638916015625
0.20601463317871094
0.36193275451660156
0.19102859497070312
0.29598474502563477
0.459916353225708
0.20400643348693848
0.3030252456665039
0.2509891986846924
0.5762457847595215
0.12101531028747559
0.07400131225585938
0.1752314567565918
0.5390093326568604
0.35001611709594727
0.36998963356018066
0.6769847869873047
0.9039947986602783
0.1536402702331543
0.3279702663421631
0.12599968910217285
0.13161706924438477
0.4450185298919678
0.2670161724090576
0.3769843578338623
0.21697402000427246
0.5180020332336426
0.1409928798675537
0.15598511695861816
0.11098098754882812
0.13541340827941895
0.7149953842163086
0.4780082702636719
0.8954071998596191
0.46399950981140137
0.29002928733825684
0.18397092819213867
0.6789736747741699
0.1309964656829834
0.24999117851257324
0.4140160083770752
0.15897488594055176
0.5939996242523193
0.36399173736572266
0.15966391563415527
0.4610011577606201
0.2779965400695801
0.12598133087158203
0.22215890884399414
0.17199063301086426
0.22102999687194824
0.11298251152038574
0.3280823230743408
0.21400237083435059
0.12702441215515137
0.2810530662536621
0.5349833965301514
0.17697930335998535
0.22499513626098633
0.35299015045166016
0.12899279594421387
0.22002673149108887
0.22101688385009766
0.2460155487060547
0.6389997005462646
0.1600193977355957
0.17998051643371582
0.3226284980773926
0.1710047721862793
0.1599881649017334
0.5140159130096436
0.18400788307189941
0.24197912216186523
0.5310893058776855
0.13034963607788086
0.2670016288757324
0.37200403213500977
0.5025415420532227
0.4929821491241455
0.22086739540100098
0.35099148750305176
0.39107561111450195
0.2675752639770508
0.7550022602081299
0.30597639083862305
0.7554514408111572
0.6380043029785156
0.3110175132751465
0.2629857063293457
0.17701029777526855
0.14901113510131836
0.723994255065918
0.32259345054626465
0.23702239990234375
0.1830158233642578
0.130997896194458
0.11799907684326172
0.2409682273864746
0.27300286293029785
0.4601459503173828
0.3079862594604492
0.5239830017089844
0.22501301765441895
0.26697802543640137
0.4440164566040039
