0.1609973907470703
0.4869973659515381
0.16100025177001953
0.12400007247924805
0.06401228904724121
0.1289980411529541
0.23302268981933594
0.07400131225585938
0.09598350524902344
0.3840155601501465
0.18700623512268066
0.2160029411315918
0.19500017166137695
0.1829967498779297
0.16301298141479492
0.2639741897583008
0.4559953212738037
0.23401665687561035
0.17510366439819336
0.17299699783325195
0.2550191879272461
0.19199824333190918
0.1180119514465332
0.3349452018737793
0.3159821033477783
0.29001736640930176
0.10602450370788574
0.16098904609680176
0.4770019054412842
0.41398167610168457
0.18201613426208496
0.2949864864349365
0.18898844718933105
0.12601566314697266
0.12801313400268555
0.11001300811767578
0.20700645446777344
0.18903756141662598
0.6160218715667725
0.6099903583526611
0.11098027229309082
0.2590012550354004
0.08798408508300781
0.07898426055908203
0.1419849395751953
0.09899640083312988
0.1569979190826416
0.0729837417602539
0.1834113597869873
0.15599942207336426
0.20999765396118164
0.4653029441833496
0.12099862098693848
0.11699748039245605
0.07201051712036133
0.15699195861816406
0.31998753547668457
0.24901175498962402
0.25100207328796387
0.37600183486938477
0.277026891708374
0.20598387718200684
0.1230006217956543
0.33301210403442383
0.27303194999694824
0.14601731300354004
0.11800599098205566
0.13799738883972168
0.20199823379516602
0.1269974708557129
0.09098958969116211
0.20799779891967773
0.23099446296691895
0.13801074028015137
0.2650158405303955
0.24099969863891602
0.1496889591217041
0.6779837608337402
0.095977783203125
0.3380000591278076
0.060999155044555664
0.4029855728149414
0.5899121761322021
0.27802109718322754
0.19601893424987793
0.19598746299743652
0.49700069427490234
0.12599945068359375
0.16699743270874023
0.3503599166870117
0.06360721588134766
0.039000749588012695
0.2399916648864746
0.3149986267089844
0.08600878715515137
0.10000109672546387
0.10299229621887207
0.15401816368103027
0.1319901943206787
0.2970418930053711
0.2760007381439209
0.2461557388305664
0.4020042419433594
0.4800071716308594
0.11999845504760742
0.17600250244140625
0.1809830665588379
0.10350751876831055
0.21300339698791504
0.28198957443237305
0.28198862075805664
0.36141061782836914
0.11299920082092285
0.19000530242919922
0.3359978199005127
0.10801529884338379
0.11500358581542969
0.18398451805114746
0.34398484230041504
0.18907642364501953
0.061998605728149414
0.5729968547821045
0.36801624298095703
0.6609985828399658
0.12002730369567871
0.273484468460083
0.14400267601013184
0.6669838428497314
0.35597968101501465
0.24777865409851074
0.18800592422485352
0.18699908256530762
0.3480045795440674
0.2840006351470947
0.25849318504333496
0.35300254821777344
0.25299882888793945
0.2599670886993408
0.19600176811218262
0.30001139640808105
0.2590010166168213
0.3881697654724121
0.1189870834350586
0.7230005264282227
0.1530005931854248
0.17499971389770508
0.07101988792419434
0.07900071144104004
0.2640366554260254
0.2910008430480957
0.10098481178283691
0.16101336479187012
0.27110934257507324
0.39200639724731445
0.18599534034729004
0.19801735877990723
0.15698957443237305
0.1480252742767334
0.29599952697753906
0.3290081024169922
0.14399957656860352
0.1119852066040039
0.15401625633239746
0.29402971267700195
0.3119075298309326
0.46698951721191406
0.3617570400238037
0.22498822212219238
0.20000052452087402
0.15500092506408691
0.08501291275024414
0.20500922203063965
0.2760002613067627
0.13702869415283203
0.17734217643737793
0.4119553565979004
0.1310131549835205
0.1470167636871338
0.28376317024230957
0.170654296875
0.18698787689208984
0.19098353385925293
0.44640588760375977
0.15469908714294434
0.10401296615600586
0.20750880241394043
0.09600639343261719
0.42298316955566406
0.2655198574066162
0.12972164154052734
0.10900092124938965
0.436053991317749
0.29300355911254883
0.3610210418701172
0.15103816986083984
0.34203100204467773
0.16499567031860352
0.2310173511505127
0.2649977207183838
0.17299199104309082
0.29799985885620117
0.08699512481689453
0.3390014171600342
0.5120153427124023
0.07199597358703613
0.14998483657836914
0.5829999446868896
0.19699692726135254
0.49900054931640625
0.10199546813964844
0.1774916648864746
0.07398414611816406
0.11657166481018066
0.26001691818237305
0.19801616668701172
0.1130070686340332
0.13099932670593262
0.10801339149475098
0.1190333366394043
0.10699605941772461
0.18999123573303223
0.3879821300506592
0.18799686431884766
0.08699607849121094
0.07797479629516602
0.08598208427429199
0.22801542282104492
0.264009952545166
0.18201112747192383
0.2839853763580322
0.19899511337280273
0.12598752975463867
0.12000036239624023
0.10998892784118652
0.2950434684753418
0.141984224319458
0.3899827003479004
0.3659942150115967
0.3717377185821533
0.25800299644470215
0.18799948692321777
0.11298060417175293
0.22100090980529785
0.07601237297058105
0.19299674034118652
0.9039797782897949
0.5569994449615479
0.1100003719329834
0.338015079498291
0.22901654243469238
0.19899916648864746
0.26499247550964355
0.24302959442138672
0.12001371383666992
0.06850099563598633
0.2720017433166504
0.10601639747619629
0.35899949073791504
0.12299275398254395
0.23350787162780762
0.1679856777191162
0.32899928092956543
0.14702558517456055
0.3410177230834961
0.30097270011901855
0.2120380401611328
0.08501648902893066
0.4009976387023926
0.18400049209594727
0.15099883079528809
0.6660144329071045
0.20002460479736328
0.12001585960388184
0.16601276397705078
0.4745149612426758
0.27399539947509766
0.5649833679199219
0.22900009155273438
0.47901201248168945
0.401031494140625
0.18499517440795898
0.2169818878173828
0.06499981880187988
0.31999826431274414
0.18401098251342773
0.4338874816894531
0.5039842128753662
0.09199953079223633
0.15601277351379395
0.22398638725280762
0.12401556968688965
0.16200017929077148
0.09101557731628418
0.365004301071167
0.48656511306762695
0.3359811305999756
0.2709991931915283
0.10499930381774902
0.22607707977294922
0.22501683235168457
0.14198517799377441
0.07799839973449707
0.45201778411865234
0.23357152938842773
0.31406569480895996
0.1530141830444336
0.4720168113708496
0.11598396301269531
0.21599864959716797
0.22868013381958008
0.18500065803527832
0.32000112533569336
0.051015377044677734
0.2860093116760254
0.13702130317687988
0.15099430084228516
0.1200551986694336
0.1609947681427002
0.38899922370910645
0.17497849464416504
0.3620138168334961
0.6719827651977539
0.3030078411102295
0.24299979209899902
0.07497692108154297
0.1734790802001953
0.15599489212036133
0.2689812183380127
0.09799838066101074
0.18802237510681152
0.08399605751037598
0.09600162506103516
0.1959993839263916
0.13598394393920898
0.16599726676940918
0.2510037422180176
0.2910952568054199
0.2079789638519287
0.06800031661987305
0.13199639320373535
0.20399236679077148
0.09798645973205566
0.08799409866333008
0.6480715274810791
0.1621387004852295
0.14400506019592285
0.20099544525146484
0.09900736808776855
0.09998536109924316
0.20799851417541504
0.24298429489135742
0.27799487113952637
0.3500528335571289
0.7559812068939209
0.2050163745880127
0.22899842262268066
0.30001091957092285
0.25799560546875
0.32830333709716797
0.11799979209899902
0.1810011863708496
0.22742962837219238
0.4810028076171875
0.2050158977508545
0.280017614364624
0.31003427505493164
0.2929987907409668
0.302018404006958
0.28600454330444336
0.21900081634521484
0.11800336837768555
0.18534517288208008
0.18898439407348633
0.19002008438110352
0.13401532173156738
0.0689992904663086
0.15598225593566895
0.14802861213684082
0.1309809684753418
0.1770007610321045
0.4299964904785156
0.12801742553710938
0.19498348236083984
0.21798324584960938
0.42812442779541016
0.3429992198944092
0.18198943138122559
0.32599759101867676
0.32601332664489746
0.17601466178894043
0.1439836025238037
0.23749423027038574
0.14798736572265625
0.2410123348236084
0.17601680755615234
0.17503023147583008
0.1569819450378418
0.32899951934814453
0.1610400676727295
0.31800198554992676
0.37898778915405273
0.15000367164611816
0.2599954605102539
0.16299891471862793
0.40200018882751465
0.0969400405883789
0.07600164413452148
0.14200949668884277
0.4609992504119873
0.2889869213104248
0.2610433101654053
0.6050131320953369
0.7290098667144775
0.11764693260192871
0.2230088710784912
0.08999896049499512
0.11698412895202637
0.3569951057434082
0.18714547157287598
0.2870039939880371
0.1589953899383545
0.3690056800842285
0.12401270866394043
0.1160123348236084
0.09999608993530273
0.10499286651611328
0.5730316638946533
0.3959994316101074
0.6660008430480957
0.3640141487121582
0.22805452346801758
0.18998265266418457
0.48000001907348633
0.0969994068145752
0.27398133277893066
0.31630992889404297
0.12200045585632324
0.4988858699798584
0.3269944190979004
0.13100934028625488
0.32799816131591797
0.22101593017578125
0.11298608779907227
0.20701217651367188
0.12397980690002441
0.18399953842163086
0.08998560905456543
0.32099127769470215
0.19100403785705566
0.10798454284667969
0.22501730918884277
0.5119078159332275
0.1909632682800293
0.1750507354736328
0.2760016918182373
0.0840146541595459
0.17998003959655762
0.10798406600952148
0.27599501609802246
0.43845438957214355
0.17099952697753906
0.14602446556091309
0.2499992847442627
0.2120344638824463
0.0969998836517334
0.41099977493286133
0.16901755332946777
0.23099637031555176
0.37401461601257324
0.1855790615081787
0.20401644706726074
0.30501461029052734
0.44399046897888184
0.3510167598724365
0.18204402923583984
0.31601405143737793
0.32599806785583496
0.25299835205078125
0.5820033550262451
0.2289867401123047
0.6230287551879883
0.602996826171875
0.19199848175048828
0.17298531532287598
0.09599852561950684
0.15101957321166992
0.5079987049102783
0.25301146507263184
0.18998241424560547
0.1159975528717041
0.1360161304473877
0.09798002243041992
0.22201871871948242
0.21300125122070312
0.3710148334503174
0.23000836372375488
0.4379851818084717
0.18600964546203613
0.15899991989135742
0.37000131607055664
