0.051001787185668945
0.10899686813354492
0.05696702003479004
0.03099226951599121
0.01897573471069336
0.049979448318481445
0.05203104019165039
0.04397845268249512
0.03100872039794922
0.08799862861633301
0.051009416580200195
0.04800152778625488
0.05499434471130371
0.03500199317932129
0.03598904609680176
0.08202409744262695
0.09400534629821777
0.07599234580993652
0.05455780029296875
0.052011728286743164
0.05099916458129883
0.0410006046295166
0.031982421875
0.07803916931152344
0.10700368881225586
0.08896636962890625
0.026981115341186523
0.04000568389892578
0.13199186325073242
0.0989847183227539
0.0469818115234375
0.07198262214660645
0.053005218505859375
0.02899909019470215
0.04198622703552246
0.03598952293395996
0.05699801445007324
0.04198479652404785
0.17100024223327637
0.1239938735961914
0.03401446342468262
0.06301140785217285
0.02299976348876953
0.01600027084350586
0.04601168632507324
0.0279693603515625
0.04799985885620117
0.021018028259277344
0.047987937927246094
0.034001827239990234
0.06696844100952148
0.09699082374572754
0.04298663139343262
0.025989770889282227
0.025814533233642578
0.039011240005493164
0.06299090385437012
0.06998944282531738
0.06599760055541992
0.08501505851745605
0.06398653984069824
0.04599308967590332
0.032000064849853516
0.08700108528137207
0.07201576232910156
0.0389866828918457
0.03601479530334473
0.04599499702453613
0.05597949028015137
0.03998684883117676
0.032985687255859375
0.04597115516662598
0.05796623229980469
0.040985822677612305
0.07099461555480957
0.07099795341491699
0.030013561248779297
0.1340186595916748
0.041007041931152344
0.07677721977233887
0.014000654220581055
0.07501459121704102
0.20099568367004395
0.0639803409576416
0.04398965835571289
0.04801034927368164
0.08899593353271484
0.03299736976623535
0.03700065612792969
0.0800168514251709
0.014000654220581055
0.009998083114624023
0.07503604888916016
0.08699893951416016
0.016992807388305664
0.029966115951538086
0.03700852394104004
0.04199051856994629
0.03901195526123047
0.0769798755645752
0.0560002326965332
0.06100034713745117
0.09885787963867188
0.09798622131347656
0.028004169464111328
0.03198981285095215
0.045986175537109375
0.03600335121154785
0.11000585556030273
0.06399679183959961
0.06600284576416016
0.08200335502624512
0.032982826232910156
0.05799436569213867
0.07500433921813965
0.0260007381439209
0.04401040077209473
0.042012691497802734
0.07300662994384766
0.0429990291595459
0.015999794006347656
0.12598085403442383
0.08998322486877441
0.12499856948852539
0.05799698829650879
0.07280445098876953
0.041997671127319336
0.13801884651184082
0.0820150375366211
0.05496954917907715
0.050998687744140625
0.046987056732177734
0.07200431823730469
0.06399965286254883
0.05301547050476074
0.08497118949890137
0.06700015068054199
0.08101820945739746
0.05299735069274902
0.07100129127502441
0.06198930740356445
0.0819997787475586
0.04510354995727539
0.19199323654174805
0.04399228096008301
0.04099845886230469
0.016000747680664062
0.02998971939086914
0.08198761940002441
0.061978816986083984
0.033010244369506836
0.04800271987915039
0.06198239326477051
0.08499360084533691
0.048987388610839844
0.06399798393249512
0.038019657135009766
0.04996299743652344
0.06300234794616699
0.08500003814697266
0.03200030326843262
0.03699183464050293
0.050971269607543945
0.052994728088378906
0.07326245307922363
0.08399248123168945
0.06922507286071777
0.05401158332824707
0.04799699783325195
0.03299832344055176
0.0240018367767334
0.050015926361083984
0.05901694297790527
0.04597783088684082
0.0670003890991211
0.09198665618896484
0.04396963119506836
0.041991233825683594
0.061005353927612305
0.08001923561096191
0.04100632667541504
0.03699517250061035
0.09399580955505371
0.03503251075744629
0.041994571685791016
0.053981781005859375
0.021998167037963867
0.14398860931396484
0.06399011611938477
0.03997397422790527
0.03700375556945801
0.09900474548339844
0.07097887992858887
0.08997750282287598
0.03801417350769043
0.07999229431152344
0.04599142074584961
0.06397557258605957
0.06799721717834473
0.05200672149658203
0.10399532318115234
0.03399372100830078
0.09699535369873047
0.11399722099304199
0.02797222137451172
0.04001307487487793
0.12901544570922852
0.05100107192993164
0.12299895286560059
0.04698824882507324
0.0409998893737793
0.02401137351989746
0.03696894645690918
0.0729985237121582
0.05301165580749512
0.02798318862915039
0.045011043548583984
0.033986568450927734
0.03699946403503418
0.02698206901550293
0.052008867263793945
0.09401226043701172
0.04600095748901367
0.03900313377380371
0.025001049041748047
0.031992435455322266
0.09399175643920898
0.06499481201171875
0.04999542236328125
0.08700156211853027
0.053987979888916016
0.042015790939331055
0.040985822677612305
0.036986589431762695
0.07801461219787598
0.03998851776123047
0.08301210403442383
0.07999897003173828
0.06000256538391113
0.05899930000305176
0.04997611045837402
0.06296467781066895
0.05597352981567383
0.036948204040527344
0.04900074005126953
0.26700901985168457
0.1080021858215332
0.03499197959899902
0.0709848403930664
0.0579991340637207
0.055001258850097656
0.0670020580291748
0.05900096893310547
0.039960622787475586
0.017000436782836914
0.06999850273132324
0.04299592971801758
0.07399988174438477
0.04695916175842285
0.0500338077545166
0.042983293533325195
0.07899928092956543
0.05598759651184082
0.07299566268920898
0.0880286693572998
0.07701396942138672
0.01699995994567871
0.07296943664550781
0.06101584434509277
0.0379791259765625
0.1230013370513916
0.05397820472717285
0.02996659278869629
0.04300403594970703
0.19798922538757324
0.06297969818115234
0.16301512718200684
0.04500150680541992
0.10097050666809082
0.0870199203491211
0.05801534652709961
0.04299044609069824
0.014998197555541992
0.07397723197937012
0.05199384689331055
0.09801554679870605
0.08301353454589844
0.02300095558166504
0.04697060585021973
0.04801797866821289
0.041973114013671875
0.04001498222351074
0.020003318786621094
0.06499886512756348
0.11996603012084961
0.07701611518859863
0.06198287010192871
0.03498435020446777
0.04900503158569336
0.03799939155578613
0.032013893127441406
0.023982763290405273
0.10998058319091797
0.06997871398925781
0.0769965648651123
0.03298521041870117
0.1049947738647461
0.029013395309448242
0.05600571632385254
0.05598115921020508
0.03699612617492676
0.08298659324645996
0.027964115142822266
0.072998046875
0.027997255325317383
0.03798675537109375
0.0369718074798584
0.05699348449707031
0.14100217819213867
0.0659942626953125
0.09696698188781738
0.17998647689819336
0.1129920482635498
0.09299755096435547
0.04800009727478027
0.08298611640930176
0.05197453498840332
0.09201502799987793
0.03298759460449219
0.0625755786895752
0.028020381927490234
0.0500032901763916
0.04898810386657715
0.032012224197387695
0.04296398162841797
0.0899806022644043
0.05201578140258789
0.06501531600952148
0.034013986587524414
0.03298807144165039
0.06800246238708496
0.0239865779876709
0.025982141494750977
0.15503811836242676
0.06894540786743164
0.04099750518798828
0.05100274085998535
0.03097820281982422
0.021012544631958008
0.04796266555786133
0.0520174503326416
0.054009199142456055
0.09552407264709473
0.13301753997802734
0.04298710823059082
0.046999216079711914
0.06402230262756348
0.08100271224975586
0.07499837875366211
0.029997825622558594
0.044995784759521484
0.06899499893188477
0.08199334144592285
0.0660085678100586
0.08195090293884277
0.09600186347961426
0.07601356506347656
0.0669698715209961
0.05498528480529785
0.051954030990600586
0.03999733924865723
0.03600263595581055
0.04999494552612305
0.05801224708557129
0.03699374198913574
0.014998197555541992
0.034998416900634766
0.04498696327209473
0.03501582145690918
0.05698680877685547
0.09000015258789062
0.026999711990356445
0.04199528694152832
0.06401729583740234
0.12599849700927734
0.08097100257873535
0.0690009593963623
0.07198476791381836
0.09199976921081543
0.060996055603027344
0.040015220642089844
0.05899763107299805
0.03801107406616211
0.05597186088562012
0.07597637176513672
0.03900146484375
0.04800820350646973
0.07499289512634277
0.04597067832946777
0.05699634552001953
0.08098649978637695
0.04499554634094238
0.060014963150024414
0.033016204833984375
0.10698509216308594
0.028983592987060547
0.020024538040161133
0.04899263381958008
0.10300016403198242
0.06301140785217285
0.0599977970123291
0.12798666954040527
0.15109634399414062
0.03902149200439453
0.06401968002319336
0.028985977172851562
0.05600929260253906
0.09087061882019043
0.047031402587890625
0.08899426460266113
0.037015438079833984
0.10298776626586914
0.04402017593383789
0.04301095008850098
0.03599095344543457
0.029030561447143555
0.1550004482269287
0.09199643135070801
0.1419999599456787
0.10499715805053711
0.05104374885559082
0.04598116874694824
0.10701251029968262
0.026002168655395508
0.06101202964782715
0.11097979545593262
0.028998136520385742
0.11499834060668945
0.07697129249572754
0.034006595611572266
0.06798648834228516
0.049982309341430664
0.05402040481567383
0.05297660827636719
0.030019521713256836
0.05197858810424805
0.03201103210449219
0.07001614570617676
0.042012929916381836
0.02400064468383789
0.0699920654296875
0.11099958419799805
0.07402253150939941
0.04798436164855957
0.07799148559570312
0.03296709060668945
0.07499527931213379
0.037984371185302734
0.05880331993103027
0.10197639465332031
0.05600118637084961
0.061992645263671875
0.054018259048461914
0.05300474166870117
0.030982017517089844
0.10898923873901367
0.041962385177612305
0.08400845527648926
0.09598135948181152
0.03798031806945801
0.04400134086608887
0.0650181770324707
0.0760202407836914
0.10796928405761719
0.05898690223693848
0.07199668884277344
0.08899331092834473
0.05800056457519531
0.1279759407043457
0.051987409591674805
0.15100836753845215
0.1180119514465332
0.07100439071655273
0.04300832748413086
0.027013301849365234
0.0429987907409668
0.09699749946594238
0.060002803802490234
0.06701350212097168
0.026993751525878906
0.02700042724609375
0.021999597549438477
0.05504155158996582
0.057974815368652344
0.0859835147857666
0.08895206451416016
0.10901308059692383
0.07198476791381836
0.03495144844055176
0.09799313545227051
