1.6335883140563965
2.7713115215301514
2.8137354850769043
1.2125113010406494
1.0266547203063965
1.4738774299621582
1.7358622550964355
1.3361124992370605
1.2490198612213135
3.3400609493255615
3.7660574913024902
3.272120237350464
2.364922285079956
1.5318422317504883
1.9323222637176514
1.92665433883667
8.288727283477783
4.633341312408447
2.1930508613586426
2.3694305419921875
2.9999613761901855
1.3816325664520264
1.4018268585205078
2.0422420501708984
2.8073487281799316
1.887636423110962
1.331864833831787
3.1379923820495605
10.273958206176758
7.417351245880127
1.5546541213989258
2.594546318054199
2.3104827404022217
1.403040885925293
1.3716208934783936
1.1286835670471191
5.46269154548645
2.190042018890381
7.89392614364624
5.18248987197876
1.5427474975585938
3.956153631210327
1.3633997440338135
1.123063325881958
1.6346361637115479
1.1327626705169678
2.0049731731414795
1.1625981330871582
1.5872433185577393
1.397481918334961
6.269497394561768
5.180645942687988
1.4769837856292725
0.9468896389007568
1.5912292003631592
1.959333896636963
2.659175395965576
2.56982159614563
2.207552194595337
5.666360378265381
6.56198263168335
3.1245832443237305
1.3066060543060303
6.689863681793213
4.1933910846710205
1.604860544204712
1.6449823379516602
1.5028297901153564
1.5855822563171387
1.29758620262146
1.1669938564300537
1.7031426429748535
1.9601492881774902
1.5837695598602295
20.732891082763672
3.91215181350708
1.4063589572906494
3.4675307273864746
3.0740315914154053
5.758695125579834
1.0319924354553223
4.126601696014404
3.754822015762329
2.619232654571533
1.91595458984375
1.6342384815216064
2.9329824447631836
1.3901643753051758
2.3313214778900146
5.214273691177368
1.0506353378295898
0.7349188327789307
2.4732625484466553
2.835890293121338
1.2120463848114014
1.9346458911895752
1.1999294757843018
1.501446008682251
3.009039878845215
2.1175310611724854
10.840781211853027
2.313204050064087
16.2745041847229
3.6912143230438232
1.5028650760650635
2.3079745769500732
1.593918800354004
1.9570391178131104
2.5367565155029297
7.919237375259399
3.801572561264038
2.1100049018859863
1.2611970901489258
2.202267646789551
3.398049831390381
1.4459176063537598
1.3008978366851807
1.535261869430542
2.9582653045654297
2.5164530277252197
1.2742934226989746
3.714813232421875
2.7073726654052734
7.739718437194824
1.4901056289672852
10.929323196411133
2.813924789428711
3.136737108230591
16.493065357208252
1.8249633312225342
1.5015347003936768
2.102245807647705
4.927213191986084
2.048166036605835
2.213505983352661
14.534410238265991
9.86160659790039
2.7673511505126953
1.6780765056610107
2.0718581676483154
3.9181411266326904
6.9383625984191895
1.8748829364776611
6.888642072677612
2.446887493133545
2.083176612854004
1.631653070449829
1.1103219985961914
1.8172743320465088
3.4831972122192383
1.3038675785064697
1.560924768447876
3.3420395851135254
3.773757219314575
3.179650068283081
2.093365430831909
2.0351412296295166
6.4248433113098145
2.7745466232299805
4.402719259262085
1.5919744968414307
1.3527872562408447
2.6591665744781494
3.4150583744049072
4.91518235206604
3.1476855278015137
8.991724967956543
1.7629179954528809
1.7553973197937012
4.697030782699585
1.1348133087158203
12.758956909179688
1.9959540367126465
1.607297658920288
1.6920082569122314
3.590191602706909
1.3746378421783447
2.3622725009918213
2.2835893630981445
1.7233796119689941
1.7493667602539062
1.670240879058838
4.902379751205444
2.251013994216919
1.4090256690979004
2.411997079849243
1.1964881420135498
3.304490327835083
1.9134392738342285
1.8335158824920654
1.4023797512054443
10.901615858078003
2.5457355976104736
15.575377225875854
1.3209314346313477
7.076813697814941
2.294367790222168
3.8927998542785645
2.7682337760925293
1.4768505096435547
2.1171815395355225
1.309798240661621
3.118252754211426
16.501872777938843
1.2500848770141602
1.330064296722412
11.420681238174438
2.0560503005981445
7.372219800949097
1.1079516410827637
2.5226571559906006
1.1056585311889648
2.1369383335113525
4.166621208190918
2.1507608890533447
2.143353223800659
1.4283413887023926
1.2729237079620361
1.3777191638946533
1.1671473979949951
1.4377005100250244
8.487157344818115
1.6121647357940674
1.3328626155853271
1.1966934204101562
2.7178680896759033
4.902723550796509
3.1609251499176025
2.4497787952423096
4.127025842666626
1.663041114807129
1.5227124691009521
1.4891443252563477
1.8190417289733887
8.6709885597229
1.4588651657104492
2.8970754146575928
3.5307281017303467
6.546302080154419
3.3300135135650635
1.4293999671936035
2.9698596000671387
2.5947325229644775
1.1552112102508545
2.2516896724700928
8.95405101776123
15.49489426612854
1.3009161949157715
11.33555555343628
12.759314775466919
2.3914365768432617
3.163545846939087
8.884471893310547
1.4747025966644287
1.1513597965240479
1.9874300956726074
1.2467308044433594
16.91794991493225
1.238832712173462
1.8120734691619873
1.6703157424926758
3.36578369140625
1.6372549533843994
7.102715730667114
3.7011845111846924
1.7396554946899414
1.1316287517547607
2.3274831771850586
14.80187463760376
1.4185073375701904
18.72455620765686
3.1311612129211426
1.2349464893341064
1.5660738945007324
10.175298690795898
2.7565908432006836
3.6459503173828125
2.456393241882324
14.98144006729126
2.3781306743621826
1.705085277557373
3.117917776107788
1.2147059440612793
2.1092779636383057
3.8198063373565674
11.47094178199768
5.9757280349731445
1.320570707321167
1.3178248405456543
6.291346073150635
1.3905165195465088
2.401442289352417
1.9670178890228271
5.1539435386657715
5.681577205657959
6.127005338668823
2.6235270500183105
1.2369985580444336
3.061591148376465
2.2065646648406982
1.3670473098754883
0.9483060836791992
24.816033840179443
3.550971508026123
13.042606830596924
1.32973313331604
5.189252138137817
1.5242493152618408
1.5828683376312256
3.4888381958007812
2.2769033908843994
8.586617708206177
1.103450059890747
2.1051924228668213
1.4217686653137207
1.4962193965911865
2.2258594036102295
2.4650535583496094
3.924541473388672
1.5045039653778076
3.7859342098236084
5.110089540481567
2.2869677543640137
2.7708940505981445
1.1256191730499268
1.6730108261108398
1.8872745037078857
4.16515326499939
1.3807811737060547
3.849917411804199
1.4425413608551025
1.2880291938781738
1.6300876140594482
1.930866003036499
1.9871525764465332
2.831153392791748
2.517533302307129
1.5429627895355225
1.285057544708252
3.1071407794952393
2.2161879539489746
1.1943159103393555
1.4525065422058105
51.05696702003479
2.1740291118621826
1.6359634399414062
1.4921419620513916
1.3117644786834717
1.4618606567382812
2.2307212352752686
2.7127575874328613
2.6235320568084717
10.111535549163818
5.307829856872559
1.611954689025879
3.2523090839385986
6.029198169708252
3.392444610595703
2.9940428733825684
1.3411142826080322
2.0792789459228516
2.5287492275238037
3.192172050476074
1.7797877788543701
2.7839066982269287
2.617067813873291
2.2397751808166504
1.8178455829620361
3.1714842319488525
1.6249845027923584
1.4726593494415283
1.8038067817687988
1.6007463932037354
2.482699155807495
2.0452632904052734
1.1069462299346924
2.825925350189209
2.2369635105133057
1.2440969944000244
1.9422919750213623
3.16782283782959
1.2526955604553223
1.8471782207489014
4.90809440612793
4.367847681045532
2.0631370544433594
2.1912055015563965
4.056684255599976
6.696063756942749
3.181004047393799
1.5513532161712646
2.0865986347198486
1.3030588626861572
1.6226470470428467
5.481210231781006
1.7774524688720703
1.5509707927703857
6.099036455154419
3.1268601417541504
2.738475799560547
5.654951572418213
2.5579586029052734
4.252513885498047
2.0528767108917236
5.771632671356201
1.2868146896362305
1.0789406299591064
1.614475965499878
4.590473890304565
2.368989944458008
3.557619571685791
19.732102394104004
3.4150452613830566
1.2721428871154785
2.5078907012939453
1.2999060153961182
1.5671274662017822
3.1504411697387695
2.43841552734375
3.4143247604370117
2.7068681716918945
3.745818853378296
1.9115455150604248
1.272247076034546
1.9812531471252441
4.466555118560791
5.3608558177948
2.2863731384277344
7.230315208435059
3.7009875774383545
6.412657737731934
2.3296170234680176
2.8170664310455322
1.4615228176116943
1.7903556823730469
2.1881704330444336
1.507509708404541
19.541102170944214
2.149570941925049
1.3890209197998047
9.010220050811768
2.305253267288208
1.782029390335083
1.733454704284668
1.3714003562927246
4.543651580810547
1.291372299194336
3.445094108581543
2.1409218311309814
1.164139986038208
3.5783724784851074
3.4278488159179688
1.60068678855896
1.6163108348846436
2.9008049964904785
1.164135217666626
3.1481127738952637
2.4358720779418945
2.474346399307251
3.9928460121154785
1.4587805271148682
2.079463243484497
15.887593507766724
1.7030622959136963
1.2220582962036133
5.221399307250977
1.9395203590393066
2.512721300125122
4.4323976039886475
1.3202605247497559
3.1513211727142334
2.1872169971466064
2.833524227142334
4.039745569229126
2.118291139602661
2.08144211769104
3.073700428009033
1.842087745666504
4.460576057434082
1.9174907207489014
13.58282470703125
18.904562950134277
1.7833008766174316
1.9717061519622803
1.1544113159179688
1.4916157722473145
3.5591835975646973
9.798248767852783
1.6380198001861572
2.1894381046295166
2.8014419078826904
1.1683416366577148
1.8397159576416016
3.062685251235962
4.15341854095459
1.9567463397979736
3.299794912338257
2.1865291595458984
1.3955152034759521
12.880375385284424
