0.38707399368286133
0.5089969635009766
0.37921905517578125
0.3643624782562256
0.29440808296203613
0.37985944747924805
0.3681042194366455
0.3882935047149658
0.37204527854919434
0.5036730766296387
0.44915223121643066
0.4551374912261963
0.5238759517669678
0.3773527145385742
0.3200991153717041
0.4558603763580322
0.5741875171661377
0.45037412643432617
0.38933897018432617
0.4626626968383789
0.5745716094970703
0.35950636863708496
0.39434170722961426
0.4851691722869873
0.45775437355041504
0.49649834632873535
0.3823726177215576
0.45444345474243164
0.4212939739227295
0.507500410079956
0.3834984302520752
0.46716928482055664
0.43790721893310547
0.37827110290527344
0.41202378273010254
0.367340087890625
0.48364901542663574
0.37021541595458984
0.5158765316009521
0.5814895629882812
0.46161603927612305
0.46030759811401367
0.36374640464782715
0.3667113780975342
0.47022199630737305
0.36277055740356445
0.2959122657775879
0.38899803161621094
0.3784666061401367
0.36625146865844727
0.48271799087524414
0.521359920501709
0.38715195655822754
0.3104982376098633
0.37192821502685547
0.4729897975921631
0.47289061546325684
0.4664483070373535
0.4820427894592285
0.5752177238464355
0.5654265880584717
0.46131014823913574
0.4665708541870117
0.5875425338745117
0.5574650764465332
0.38877272605895996
0.46616220474243164
0.39707159996032715
0.2923698425292969
0.4143989086151123
0.3763248920440674
0.38459014892578125
0.46869730949401855
0.49776649475097656
0.5072247982025146
0.48670291900634766
0.37368226051330566
0.6099069118499756
0.5581674575805664
0.5172007083892822
0.3779919147491455
0.47499847412109375
0.5853345394134521
0.5040769577026367
0.36757946014404297
0.46367740631103516
0.4706437587738037
0.38063788414001465
0.5543115139007568
0.5862748622894287
0.3987703323364258
0.2729456424713135
0.46016407012939453
0.5037758350372314
0.3800466060638428
0.36001133918762207
0.3851609230041504
0.3707101345062256
0.4769909381866455
0.46206068992614746
0.5463426113128662
0.47509098052978516
0.49002623558044434
0.5129849910736084
0.3903048038482666
0.36803174018859863
0.38818860054016113
0.3665120601654053
0.4551734924316406
0.5232930183410645
0.5750043392181396
0.3955063819885254
0.3788580894470215
0.47027039527893066
0.48099374771118164
0.3829507827758789
0.3996398448944092
0.47783708572387695
0.48554110527038574
0.4900946617126465
0.36388373374938965
0.598839282989502
0.5031108856201172
0.6475026607513428
0.38599443435668945
0.5050480365753174
0.3936777114868164
0.5677130222320557
0.5978753566741943
0.39316368103027344
0.3738703727722168
0.39015674591064453
0.473250150680542
0.4959399700164795
0.45981597900390625
0.5790913105010986
0.5749962329864502
0.45824694633483887
0.3521127700805664
0.4736204147338867
0.48908138275146484
0.5911684036254883
0.40706682205200195
0.6063446998596191
0.4568634033203125
0.34717726707458496
0.9242410659790039
0.37914490699768066
0.5780963897705078
0.47887730598449707
0.38846898078918457
0.45705389976501465
0.4668607711791992
0.5720767974853516
0.47112417221069336
0.3465251922607422
0.3578665256500244
0.4871819019317627
0.47406959533691406
0.4887230396270752
0.45028185844421387
0.3782522678375244
0.4545576572418213
0.48894357681274414
0.48321032524108887
0.4919755458831787
0.5979514122009277
0.38156819343566895
0.4605426788330078
0.44097423553466797
0.3787972927093506
0.4774923324584961
0.4578590393066406
0.46219611167907715
0.3950014114379883
0.4900634288787842
0.4641103744506836
0.49762654304504395
0.4510002136230469
0.47636938095092773
0.37719106674194336
0.3921952247619629
0.4764721393585205
0.474139928817749
0.37414026260375977
0.46903371810913086
0.36312341690063477
0.5814828872680664
0.3991506099700928
0.3698303699493408
0.3749516010284424
0.4026522636413574
0.5058128833770752
0.575209379196167
0.3800673484802246
0.5230581760406494
0.37309932708740234
0.4912223815917969
0.4693727493286133
0.4734022617340088
0.4710562229156494
0.36237120628356934
0.5165517330169678
0.5310671329498291
0.4253549575805664
0.3729581832885742
0.6187763214111328
0.46012234687805176
0.6032013893127441
0.28822875022888184
0.4649851322174072
0.3676621913909912
0.3949120044708252
0.501598596572876
0.42093801498413086
0.40696287155151367
0.4150357246398926
0.4187915325164795
0.3757331371307373
0.3790860176086426
0.38591742515563965
0.5756986141204834
0.46173620223999023
0.3582179546356201
0.4359161853790283
0.43239879608154297
0.4905252456665039
0.39471888542175293
0.3756434917449951
0.5291945934295654
0.4100639820098877
0.38878393173217773
0.3836050033569336
0.42307257652282715
0.4649989604949951
0.36258554458618164
0.46402812004089355
0.5996484756469727
0.47560930252075195
0.4511096477508545
0.37738871574401855
0.38060998916625977
0.4578254222869873
0.39001989364624023
0.47601866722106934
0.6463344097137451
0.5818173885345459
0.4052402973175049
0.641453742980957
0.4736185073852539
0.44371604919433594
0.5045170783996582
0.5784320831298828
0.39602184295654297
0.37016844749450684
0.47007179260253906
0.3615996837615967
0.5900518894195557
0.35491371154785156
0.3860330581665039
0.39957141876220703
0.5075347423553467
0.405928373336792
0.6245386600494385
0.5099220275878906
0.4527590274810791
0.37216997146606445
0.4713480472564697
0.40007925033569336
0.36191678047180176
0.6384682655334473
0.47403836250305176
0.3777172565460205
0.3838622570037842
0.5683643817901611
0.41462254524230957
0.543208122253418
0.4602043628692627
0.5237698554992676
0.48373961448669434
0.38318920135498047
0.3916456699371338
0.3549978733062744
0.49067187309265137
0.47104859352111816
0.5925257205963135
0.5840706825256348
0.3695523738861084
0.4048175811767578
0.5182440280914307
0.44288015365600586
0.45434117317199707
0.29599976539611816
0.4682047367095947
0.5186786651611328
0.6124622821807861
0.5986263751983643
0.3684515953063965
0.4205138683319092
0.4577350616455078
0.39400744438171387
0.3799898624420166
0.6042518615722656
0.4938044548034668
0.6006176471710205
0.39159536361694336
0.6272354125976562
0.45329785346984863
0.3981516361236572
0.5020692348480225
0.4590108394622803
0.571725606918335
0.36657142639160156
0.5010364055633545
0.4050273895263672
0.4693317413330078
0.35994386672973633
0.49791908264160156
0.510103702545166
0.5107064247131348
0.49617815017700195
0.5956969261169434
0.520094633102417
0.46798038482666016
0.3961641788482666
0.4424901008605957
0.501671314239502
0.47844648361206055
0.3894357681274414
0.41572070121765137
0.3906242847442627
0.2868671417236328
0.4589407444000244
0.48583292961120605
0.3703732490539551
0.47902393341064453
0.37592291831970215
0.3922574520111084
0.4132704734802246
0.4732530117034912
0.39896678924560547
0.3910531997680664
0.3739304542541504
0.6608517169952393
0.40546417236328125
0.4070472717285156
0.30025815963745117
0.4017903804779053
0.37610840797424316
0.48641061782836914
0.467562198638916
0.45757603645324707
0.5587661266326904
0.5858619213104248
0.36114931106567383
0.4920003414154053
0.5776264667510986
0.4695918560028076
0.5263683795928955
0.3753647804260254
0.45699024200439453
0.5007104873657227
0.5278539657592773
0.448758602142334
0.48511266708374023
0.48332715034484863
0.4738349914550781
0.4820120334625244
0.3796863555908203
0.3820357322692871
0.3879694938659668
0.8043036460876465
0.3932039737701416
0.4787929058074951
0.45048022270202637
0.3867919445037842
0.4590303897857666
0.458935022354126
0.3760032653808594
0.395371675491333
0.4782848358154297
0.3819999694824219
0.45627641677856445
0.6052613258361816
0.527813196182251
0.5119452476501465
0.37215590476989746
0.4849858283996582
0.5670502185821533
0.5089704990386963
0.42397189140319824
0.5106501579284668
0.3730044364929199
0.3000457286834717
0.615140438079834
0.5000095367431641
0.4495999813079834
0.5051960945129395
0.4497220516204834
0.4683253765106201
0.490405797958374
0.5053958892822266
0.5045013427734375
0.38888049125671387
0.5141100883483887
0.385983943939209
0.2780799865722656
0.4697422981262207
0.5932073593139648
0.4700009822845459
0.6419727802276611
0.5817267894744873
0.505424976348877
0.39330029487609863
0.4675915241241455
0.379605770111084
0.38939929008483887
0.49352025985717773
0.45763087272644043
0.47499728202819824
0.5754504203796387
0.4858098030090332
0.37702202796936035
0.372448205947876
0.3141767978668213
0.45737123489379883
0.6494646072387695
0.48871278762817383
0.5866196155548096
0.6909809112548828
0.494185209274292
0.4044468402862549
0.5789027214050293
0.4865872859954834
0.4471461772918701
0.48421597480773926
0.48125195503234863
0.6119027137756348
0.4804069995880127
0.3655056953430176
0.6125500202178955
0.5112709999084473
0.39890265464782715
0.45728230476379395
0.477710485458374
0.4742162227630615
0.35053205490112305
0.4831397533416748
0.3746461868286133
0.37006521224975586
0.4809601306915283
0.5081231594085693
0.37767624855041504
0.3708510398864746
0.49528002738952637
0.3797879219055176
0.48101186752319336
0.3918948173522949
0.4900531768798828
0.5816099643707275
0.3947720527648926
0.4941718578338623
0.5615649223327637
0.4780235290527344
0.4049110412597656
0.4878652095794678
0.3817312717437744
0.47403430938720703
0.5650143623352051
0.4062175750732422
0.46907520294189453
0.4934043884277344
0.4700953960418701
0.4944882392883301
0.4768412113189697
0.48070335388183594
0.49033403396606445
0.40160202980041504
0.5712273120880127
0.45934557914733887
0.6293339729309082
0.622321605682373
0.4550764560699463
0.2919328212738037
0.30020618438720703
0.4141969680786133
0.5533692836761475
0.4717748165130615
0.38056254386901855
0.4838435649871826
0.3638908863067627
0.38401246070861816
0.4619760513305664
0.4775419235229492
0.5402507781982422
0.39450764656066895
0.48957133293151855
0.49007487297058105
0.3860161304473877
0.5598890781402588
