0.010003328323364258
0.004019975662231445
0.014000892639160156
0.0070149898529052734
0.012991189956665039
0.006966114044189453
0.009023904800415039
0.013998985290527344
0.02698373794555664
0.00799703598022461
0.04897952079772949
0.004997730255126953
0.007973432540893555
0.009002685546875
0.010006427764892578
0.029000282287597656
0.004000425338745117
0.002994537353515625
0.00401759147644043
0.013997793197631836
0.013013362884521484
0.02694559097290039
0.016989946365356445
0.002000570297241211
0.00900411605834961
0.008001089096069336
0.011000633239746094
0.007973670959472656
0.011010408401489258
0.011232137680053711
0.02699589729309082
0.006003856658935547
0.01404428482055664
0.021998167037963867
0.008955240249633789
0.002001047134399414
0.009000301361083984
0.0020003318786621094
0.03199648857116699
0.009999513626098633
0.009998559951782227
0.012006044387817383
0.008998394012451172
0.006997346878051758
0.007962465286254883
0.023969411849975586
0.020000457763671875
0.00699615478515625
0.003000497817993164
0.0039997100830078125
0.007997274398803711
0.00600123405456543
0.003999233245849609
0.016985654830932617
0.00599980354309082
0.0039980411529541016
0.0099945068359375
0.0059986114501953125
0.019001245498657227
0.007953166961669922
0.017991065979003906
0.0029990673065185547
0.009995698928833008
0.010001897811889648
0.0029985904693603516
0.013001680374145508
0.014997005462646484
0.005022764205932617
0.007002592086791992
0.0009872913360595703
0.006000041961669922
0.029975414276123047
0.009999752044677734
0.022977590560913086
0.008029937744140625
0.014999866485595703
0.009011983871459961
0.002998828887939453
0.004046440124511719
0.019012928009033203
0.012995719909667969
0.011992931365966797
0.0049991607666015625
0.006000518798828125
0.00502777099609375
0.030996084213256836
0.008001327514648438
0.006996870040893555
0.0059909820556640625
0.005000591278076172
0.009947776794433594
0.017987728118896484
0.007985115051269531
0.009980440139770508
0.07399940490722656
0.03300356864929199
0.009029388427734375
0.02202773094177246
0.013998746871948242
0.0070035457611083984
0.004999637603759766
0.009997367858886719
0.0170285701751709
0.003004789352416992
0.009999275207519531
0.0030281543731689453
0.009993553161621094
0.006994485855102539
0.010003805160522461
0.010982990264892578
0.00899958610534668
0.0029981136322021484
0.012000560760498047
0.018999338150024414
0.010955095291137695
0.003000497817993164
0.006045103073120117
0.0020003318786621094
0.0019991397857666016
0.01199960708618164
0.022998809814453125
0.0039825439453125
0.011998653411865234
0.0069501399993896484
0.00402522087097168
0.0039997100830078125
0.019949913024902344
0.008999109268188477
0.004000186920166016
0.007008552551269531
0.015006303787231445
0.0010001659393310547
0.009998321533203125
0.0049953460693359375
0.035985708236694336
0.006000041961669922
0.017998695373535156
0.005005359649658203
0.007999420166015625
0.006049633026123047
0.0039556026458740234
0.0030007362365722656
0.008998632431030273
0.024023056030273438
0.009976625442504883
0.058995723724365234
0.030951738357543945
0.007003068923950195
0.006000518798828125
0.007971763610839844
0.01698160171508789
0.007998466491699219
0.015001058578491211
0.005015850067138672
0.04000377655029297
0.028001070022583008
0.00899958610534668
0.004999399185180664
0.00951528549194336
0.003996133804321289
0.003990650177001953
0.013998270034790039
0.014010429382324219
0.0030117034912109375
0.008038043975830078
0.016999244689941406
0.006000518798828125
0.007979631423950195
0.00401759147644043
0.006997108459472656
0.02994847297668457
0.00700068473815918
0.004999637603759766
0.01799488067626953
0.01199483871459961
0.0030210018157958984
0.011993885040283203
0.02404642105102539
0.007035970687866211
0.008003473281860352
0.005956411361694336
0.014978408813476562
0.009000062942504883
0.006999492645263672
0.014000177383422852
0.003999948501586914
0.002999544143676758
0.003998279571533203
0.010993719100952148
0.007994890213012695
0.00799870491027832
0.007944583892822266
0.009009122848510742
0.03400373458862305
0.006021022796630859
0.017970800399780273
0.006999015808105469
0.0019996166229248047
0.033026695251464844
0.01698756217956543
0.011054515838623047
0.006018877029418945
0.04294466972351074
0.01399683952331543
0.002999544143676758
0.003014087677001953
0.0010216236114501953
0.011999368667602539
0.044979095458984375
0.03300046920776367
0.006003618240356445
0.01902461051940918
0.019006967544555664
0.008999109268188477
0.010033607482910156
0.003003835678100586
0.031996965408325195
0.0019996166229248047
0.024029254913330078
0.02004408836364746
0.010020017623901367
0.003011465072631836
0.01294708251953125
0.027971982955932617
0.013003349304199219
0.003999471664428711
0.027977466583251953
0.01400303840637207
0.014950275421142578
0.009996652603149414
0.0060002803802490234
0.019990921020507812
0.028989076614379883
0.005998373031616211
0.014002084732055664
0.008992671966552734
0.01100015640258789
0.010996341705322266
0.019031524658203125
0.0050275325775146484
0.0029990673065185547
0.015964508056640625
0.0010135173797607422
0.041999101638793945
0.0029976367950439453
0.002007007598876953
0.006006956100463867
0.0019996166229248047
0.0030050277709960938
0.002001047134399414
0.01600360870361328
0.015987157821655273
0.009000539779663086
0.006020784378051758
0.00899958610534668
0.010002374649047852
0.0019996166229248047
0.00999903678894043
0.0059969425201416016
0.015029191970825195
0.01099538803100586
0.02200484275817871
0.009020805358886719
0.01205897331237793
0.0059909820556640625
0.0029916763305664062
0.014988899230957031
0.0049991607666015625
0.006043434143066406
0.008996009826660156
0.003983259201049805
0.03799009323120117
0.01698160171508789
0.0020170211791992188
0.0029964447021484375
0.008003473281860352
0.013000249862670898
0.0049991607666015625
0.01051783561706543
0.00597381591796875
0.0029993057250976562
0.003998994827270508
0.0040225982666015625
0.006010293960571289
0.003981590270996094
0.0050008296966552734
0.019991397857666016
0.009021997451782227
0.035962581634521484
0.0419766902923584
0.013015270233154297
0.006000518798828125
0.009000539779663086
0.01497030258178711
0.01299905776977539
0.025030136108398438
0.005004405975341797
0.00603032112121582
0.00299835205078125
0.007999897003173828
0.025971174240112305
0.0189974308013916
0.006021261215209961
0.023006916046142578
0.02797865867614746
0.008001327514648438
0.004976987838745117
0.0039997100830078125
0.005991935729980469
0.003996849060058594
0.02297186851501465
0.01899266242980957
0.00402379035949707
0.009996891021728516
0.0070002079010009766
0.0029985904693603516
0.031055212020874023
0.004000186920166016
0.013985633850097656
0.006999969482421875
0.007998228073120117
0.00596928596496582
0.019978046417236328
0.005002737045288086
0.0070002079010009766
0.030974388122558594
0.0039997100830078125
0.015987157821655273
0.013995647430419922
0.004015922546386719
0.019982576370239258
0.006999969482421875
0.01800227165222168
0.0060269832611083984
0.019000768661499023
0.005994319915771484
0.00899362564086914
0.004000425338745117
0.011998653411865234
0.020969152450561523
0.009991884231567383
0.003998517990112305
0.0029964447021484375
0.014981746673583984
0.027991533279418945
0.009011030197143555
0.0049970149993896484
0.002999544143676758
0.018991708755493164
0.009015083312988281
0.004000425338745117
0.035005807876586914
0.012999534606933594
0.006037235260009766
0.009000778198242188
0.0029714107513427734
0.00201416015625
0.04200029373168945
0.0109710693359375
0.006010770797729492
0.009001731872558594
0.028955698013305664
0.013013362884521484
0.0020096302032470703
0.003994941711425781
0.008990764617919922
0.01299428939819336
0.009995222091674805
0.0049991607666015625
0.021992206573486328
0.0050106048583984375
0.0019996166229248047
0.02500009536743164
0.020974159240722656
0.007026195526123047
0.0059931278228759766
0.011995553970336914
0.0060024261474609375
0.0019979476928710938
0.020000457763671875
0.005000114440917969
0.021007776260375977
0.006970643997192383
0.0039997100830078125
0.0050258636474609375
0.011953592300415039
0.0020008087158203125
0.05099344253540039
0.005006074905395508
0.007999897003173828
0.013998270034790039
0.017000436782836914
0.03397727012634277
0.0020008087158203125
0.0070002079010009766
0.007999181747436523
0.004001617431640625
0.029944896697998047
0.003999948501586914
0.010995149612426758
0.006963968276977539
0.0019991397857666016
0.003992319107055664
0.003004312515258789
0.008978128433227539
0.0049991607666015625
0.010025262832641602
0.005972623825073242
0.007025718688964844
0.00497746467590332
0.006000518798828125
0.004018306732177734
0.030992746353149414
0.005992889404296875
0.011000394821166992
0.00700068473815918
0.002000570297241211
0.004999637603759766
0.002999544143676758
0.008994340896606445
0.006998777389526367
0.037966251373291016
0.010987997055053711
0.027995586395263672
0.05001688003540039
0.006999492645263672
0.012967586517333984
0.004999399185180664
0.00794839859008789
0.015018701553344727
0.0029990673065185547
0.009000778198242188
0.010994911193847656
0.008993387222290039
0.012000560760498047
0.008046627044677734
0.03425765037536621
0.004033327102661133
0.036981821060180664
0.001999378204345703
0.0009999275207519531
0.017977237701416016
0.006023883819580078
0.0039975643157958984
0.00599980354309082
0.044968366622924805
0.009955406188964844
0.025962352752685547
0.009001493453979492
0.005973339080810547
0.005999565124511719
0.0029985904693603516
0.01701045036315918
0.014019250869750977
0.0030007362365722656
0.018954753875732422
0.00496220588684082
0.014996528625488281
0.016987085342407227
0.011996269226074219
0.017012834548950195
0.009000778198242188
0.008030414581298828
0.012975692749023438
0.01197671890258789
0.04497170448303223
0.015044450759887695
0.004998922348022461
0.009000539779663086
0.007979869842529297
0.002998828887939453
0.004006862640380859
0.004996776580810547
0.03595089912414551
0.03399825096130371
0.006028175354003906
0.00400090217590332
0.0070002079010009766
0.0019989013671875
0.007999897003173828
0.007005929946899414
0.013997554779052734
0.00699305534362793
0.0020170211791992188
0.0030002593994140625
0.0030155181884765625
0.022014141082763672
0.002997159957885742
0.016988754272460938
0.005000114440917969
0.03499889373779297
0.0069997310638427734
0.001978635787963867
0.005001068115234375
0.010045766830444336
0.008004903793334961
0.004999399185180664
0.003995418548583984
0.004003286361694336
0.009002923965454102
