0.0009984970092773438
0.0009996891021728516
0.005999326705932617
0.0009999275207519531
0.002999544143676758
0.0
0.0010001659393310547
0.00400233268737793
0.0070264339447021484
0.0020020008087158203
0.0019996166229248047
0.003004312515258789
0.0
0.0010013580322265625
0.0029654502868652344
0.0029926300048828125
0.0020215511322021484
0.0030307769775390625
0.003002166748046875
0.0020008087158203125
0.005988121032714844
0.0029997825622558594
0.005000114440917969
0.0009992122650146484
0.0010285377502441406
0.0030219554901123047
0.0020012855529785156
0.0019981861114501953
0.0009992122650146484
0.006951093673706055
0.014027118682861328
0.0029935836791992188
0.0020024776458740234
0.0020012855529785156
0.0009975433349609375
0.0010030269622802734
0.0010013580322265625
0.0
0.0069997310638427734
0.004994392395019531
0.004002809524536133
0.0010001659393310547
0.0020008087158203125
0.0010001659393310547
0.0010383129119873047
0.004997968673706055
0.004000425338745117
0.0009915828704833984
0.001007080078125
0.0020110607147216797
0.002984285354614258
0.0019986629486083984
0.0
0.001997232437133789
0.003006458282470703
0.0020074844360351562
0.0
0.0009996891021728516
0.00599980354309082
0.0020034313201904297
0.00899815559387207
0.0030133724212646484
0.006995439529418945
0.001997232437133789
0.00099945068359375
0.002994060516357422
0.0019986629486083984
0.0030393600463867188
0.0
0.0
0.001997709274291992
0.010999441146850586
0.0019834041595458984
0.008023500442504883
0.002025604248046875
0.0019991397857666016
0.0009970664978027344
0.0
0.002010345458984375
0.0009953975677490234
0.002009868621826172
0.0030012130737304688
0.002999544143676758
0.0010058879852294922
0.0030133724212646484
0.0030019283294677734
0.0019986629486083984
0.001990795135498047
0.000997781753540039
0.0010099411010742188
0.002999544143676758
0.0029823780059814453
0.0040013790130615234
0.0019605159759521484
0.007999897003173828
0.00502467155456543
0.004053354263305664
0.007993698120117188
0.003999948501586914
0.0010020732879638672
0.0039920806884765625
0.0030007362365722656
0.002001047134399414
0.0010001659393310547
0.0030031204223632812
0.00099945068359375
0.002001523971557617
0.0020003318786621094
0.002957582473754883
0.0020208358764648438
0.0009999275207519531
0.0030002593994140625
0.0
0.0029807090759277344
0.0010001659393310547
0.0019741058349609375
0.0
0.0010020732879638672
0.0020215511322021484
0.0009839534759521484
0.004978179931640625
0.0009996891021728516
0.001998424530029297
0.0020008087158203125
0.001978635787963867
0.0020003318786621094
0.0039980411529541016
0.00099945068359375
0.0
0.0049991607666015625
0.00299835205078125
0.0
0.0020036697387695312
0.0009975433349609375
0.0070002079010009766
0.004000186920166016
0.008001565933227539
0.001001119613647461
0.002032041549682617
0.002043008804321289
0.0009996891021728516
0.0010001659393310547
0.006000041961669922
0.013978242874145508
0.0
0.005998134613037109
0.011008501052856445
0.0020003318786621094
0.003999948501586914
0.0010006427764892578
0.002972126007080078
0.002000093460083008
0.008016586303710938
0.002974987030029297
0.0169675350189209
0.0010006427764892578
0.0020003318786621094
0.000997781753540039
0.0039708614349365234
0.0010006427764892578
0.0009992122650146484
0.006022453308105469
0.005003213882446289
0.0030291080474853516
0.0010001659393310547
0.003000497817993164
0.0019981861114501953
0.004000425338745117
0.0019659996032714844
0.001997709274291992
0.0010151863098144531
0.0019998550415039062
0.0009992122650146484
0.007008552551269531
0.0020029544830322266
0.0010030269622802734
0.004000663757324219
0.002989053726196289
0.0
0.0010020732879638672
0.0020508766174316406
0.005003690719604492
0.0009984970092773438
0.003002166748046875
0.0099945068359375
0.0030024051666259766
0.0009996891021728516
0.0019989013671875
0.0009984970092773438
0.0010325908660888672
0.003962039947509766
0.0019822120666503906
0.001953125
0.009516477584838867
0.001999378204345703
0.0020017623901367188
0.0010018348693847656
0.0
0.004999637603759766
0.0020186901092529297
0.0019683837890625
0.0010013580322265625
0.0019986629486083984
0.005001068115234375
0.004003047943115234
0.002001047134399414
0.0
0.002997875213623047
0.0029811859130859375
0.003000020980834961
0.0009951591491699219
0.0029981136322021484
0.005000114440917969
0.0009982585906982422
0.002992868423461914
0.003000497817993164
0.00400090217590332
0.0010001659393310547
0.005968809127807617
0.005975484848022461
0.001978635787963867
0.0009996891021728516
0.0029959678649902344
0.0060155391693115234
0.0019919872283935547
0.0020036697387695312
0.010010242462158203
0.004967689514160156
0.003001689910888672
0.0010046958923339844
0.005002737045288086
0.0050013065338134766
0.003998994827270508
0.003025054931640625
0.0020017623901367188
0.0029997825622558594
0.0010004043579101562
0.0009996891021728516
0.014062881469726562
0.0010039806365966797
0.002002239227294922
0.0020029544830322266
0.0009584426879882812
0.0019974708557128906
0.0010035037994384766
0.0009996891021728516
0.003000974655151367
0.0009996891021728516
0.002002239227294922
0.0
0.0019989013671875
0.001996278762817383
0.0020008087158203125
0.0010154247283935547
0.002003908157348633
0.0010004043579101562
0.0010020732879638672
0.002000093460083008
0.0030057430267333984
0.0019998550415039062
0.004000186920166016
0.0029976367950439453
0.0030069351196289062
0.0019974708557128906
0.0020008087158203125
0.0009989738464355469
0.001004934310913086
0.0020003318786621094
0.0010116100311279297
0.0020046234130859375
0.0
0.005000114440917969
0.0060100555419921875
0.001001119613647461
0.0019986629486083984
0.0
0.0029773712158203125
0.002017498016357422
0.002001047134399414
0.003995180130004883
0.0010004043579101562
0.0009996891021728516
0.002039194107055664
0.0009851455688476562
0.000990152359008789
0.0029621124267578125
0.003000497817993164
0.000995635986328125
0.004012346267700195
0.01998162269592285
0.001001596450805664
0.00099945068359375
0.0019876956939697266
0.003000020980834961
0.0019996166229248047
0.005999565124511719
0.0019996166229248047
0.0009992122650146484
0.0020008087158203125
0.0010027885437011719
0.001001119613647461
0.003993034362792969
0.0030002593994140625
0.0010037422180175781
0.012026071548461914
0.0019986629486083984
0.001996278762817383
0.0010144710540771484
0.0019989013671875
0.0019986629486083984
0.0029997825622558594
0.0019996166229248047
0.006029844284057617
0.0009996891021728516
0.0010008811950683594
0.002003908157348633
0.0029997825622558594
0.003021717071533203
0.0019996166229248047
0.002000093460083008
0.0010290145874023438
0.001001119613647461
0.0010001659393310547
0.002012968063354492
0.00099945068359375
0.006000041961669922
0.0020008087158203125
0.002000570297241211
0.004004955291748047
0.006998777389526367
0.003986835479736328
0.0010304450988769531
0.0009992122650146484
0.0009794235229492188
0.0019998550415039062
0.001001119613647461
0.0009944438934326172
0.0030019283294677734
0.001994609832763672
0.005966901779174805
0.0010008811950683594
0.0019919872283935547
0.0010006427764892578
0.002013683319091797
0.005015850067138672
0.002001047134399414
0.0009999275207519531
0.0010023117065429688
0.004028797149658203
0.004015922546386719
0.0010006427764892578
0.008000373840332031
0.0010075569152832031
0.0019729137420654297
0.005999565124511719
0.0009992122650146484
0.0010001659393310547
0.002002716064453125
0.0010175704956054688
0.0019998550415039062
0.0029990673065185547
0.001997709274291992
0.0010023117065429688
0.0010006427764892578
0.0019714832305908203
0.002000093460083008
0.004999876022338867
0.0010023117065429688
0.001980304718017578
0.0019991397857666016
0.0009679794311523438
0.0029997825622558594
0.0020003318786621094
0.0019838809967041016
0.0009989738464355469
0.00102996826171875
0.0010001659393310547
0.0010008811950683594
0.003991127014160156
0.002976655960083008
0.0039997100830078125
0.0020160675048828125
0.0030167102813720703
0.00202178955078125
0.0009984970092773438
0.001996755599975586
0.0010001659393310547
0.00998687744140625
0.001026153564453125
0.0020024776458740234
0.0019998550415039062
0.0029959678649902344
0.004015207290649414
0.0009996891021728516
0.0020024776458740234
0.0029821395874023438
0.0030221939086914062
0.004003047943115234
0.0049555301666259766
0.002001523971557617
0.0030341148376464844
0.0010020732879638672
0.0020360946655273438
0.002005338668823242
0.002003192901611328
0.00099945068359375
0.0
0.0010004043579101562
0.001003265380859375
0.002001523971557617
0.001998424530029297
0.0030002593994140625
0.0029969215393066406
0.0019996166229248047
0.0010190010070800781
0.0019752979278564453
0.0009996891021728516
0.0010006427764892578
0.0030024051666259766
0.0030002593994140625
0.0019996166229248047
0.004015684127807617
0.0019998550415039062
0.0070002079010009766
0.004010438919067383
0.0010008811950683594
0.003000020980834961
0.003002643585205078
0.003002643585205078
0.003017902374267578
0.0019996166229248047
0.0020122528076171875
0.005016326904296875
0.002993345260620117
0.0030002593994140625
0.0019998550415039062
0.004000663757324219
0.0009891986846923828
0.0040018558502197266
0.0009996891021728516
0.0009992122650146484
0.0050008296966552734
0.0040018558502197266
0.0009834766387939453
0.0009989738464355469
0.003000020980834961
0.0010001659393310547
0.005121946334838867
0.0020263195037841797
0.0020024776458740234
0.004980564117431641
0.0010251998901367188
0.004972696304321289
0.0019991397857666016
0.003030538558959961
0.004001140594482422
0.0009999275207519531
0.0019981861114501953
0.0019998550415039062
0.006046772003173828
0.005000114440917969
0.0020008087158203125
0.0009992122650146484
0.0030045509338378906
0.000997781753540039
0.0020067691802978516
0.0029718875885009766
0.0020024776458740234
0.0019991397857666016
0.0010020732879638672
0.0
0.0009996891021728516
0.001001119613647461
0.0030145645141601562
0.008033037185668945
0.0020003318786621094
0.005053520202636719
0.0010013580322265625
0.0015654563903808594
0.0009992122650146484
0.0019991397857666016
0.0009796619415283203
0.0019979476928710938
0.0010037422180175781
0.0010006427764892578
0.0010170936584472656
0.003999948501586914
0.0
0.0019881725311279297
0.001027822494506836
0.012985944747924805
0.0009984970092773438
0.0009987354278564453
0.001981019973754883
0.004998922348022461
0.0020008087158203125
0.0
0.0019559860229492188
0.002000570297241211
0.001001596450805664
