0.0010004043579101562
0.0009992122650146484
0.0010013580322265625
0.0
0.0010008811950683594
0.0010170936584472656
0.0
0.007978439331054688
0.0009970664978027344
0.0030012130737304688
0.0029985904693603516
0.0
0.0
0.002000570297241211
0.0009996891021728516
0.0
0.0020029544830322266
0.0
0.0020012855529785156
0.0009846687316894531
0.002008676528930664
0.0019991397857666016
0.0010123252868652344
0.0
0.0
0.0
0.001001596450805664
0.0010025501251220703
0.00099945068359375
0.0
0.0010144710540771484
0.0
0.0009996891021728516
0.0050013065338134766
0.0
0.0009992122650146484
0.0009999275207519531
0.0010013580322265625
0.007004499435424805
0.0010023117065429688
0.006012678146362305
0.011000394821166992
0.0
0.0
0.0
0.0010004043579101562
0.001004934310913086
0.0009989738464355469
0.0
0.0010001659393310547
0.0
0.0
0.0
0.002997875213623047
0.0
0.0010042190551757812
0.001001596450805664
0.0
0.0199887752532959
0.0010056495666503906
0.0020024776458740234
0.0
0.0009999275207519531
0.0
0.0
0.001996278762817383
0.004998445510864258
0.0019845962524414062
0.0
0.0
0.0
0.014990568161010742
0.006020784378051758
0.005015850067138672
0.002016782760620117
0.0019943714141845703
0.0010035037994384766
0.0010006427764892578
0.0020036697387695312
0.0
0.0
0.0010008811950683594
0.002000570297241211
0.0009987354278564453
0.0010020732879638672
0.0020012855529785156
0.004000663757324219
0.0010006427764892578
0.0009996891021728516
0.0029990673065185547
0.0010004043579101562
0.015001058578491211
0.004000186920166016
0.0009953975677490234
0.008998394012451172
0.0019996166229248047
0.0010013580322265625
0.0010001659393310547
0.0
0.0019996166229248047
0.001016378402709961
0.0
0.0
0.004019260406494141
0.00299835205078125
0.0
0.0020017623901367188
0.0
0.0010137557983398438
0.0009989738464355469
0.0
0.0
0.0009992122650146484
0.0020008087158203125
0.0010001659393310547
0.00099945068359375
0.00101470947265625
0.0
0.003000497817993164
0.0010046958923339844
0.013002634048461914
0.0010149478912353516
0.03401064872741699
0.0
0.0
0.001001119613647461
0.0009970664978027344
0.0
0.0010008811950683594
0.0010004043579101562
0.001001596450805664
0.001004934310913086
0.004001140594482422
0.0009906291961669922
0.001016378402709961
0.0
0.0010001659393310547
0.0
0.0019998550415039062
0.0009799003601074219
0.0010004043579101562
0.0
0.001995086669921875
0.001999378204345703
0.0
0.0030012130737304688
0.0010004043579101562
0.0030012130737304688
0.0020134449005126953
0.0010008811950683594
0.0010013580322265625
0.00099945068359375
0.004999399185180664
0.0059833526611328125
0.008985519409179688
0.0
0.002014636993408203
0.0
0.0020036697387695312
0.0
0.0010006427764892578
0.0019865036010742188
0.0
0.001016378402709961
0.0009989738464355469
0.014999866485595703
0.0
0.0010006427764892578
0.0
0.0
0.0
0.0
0.0009989738464355469
0.00700068473815918
0.0010001659393310547
0.0009860992431640625
0.0
0.0020017623901367188
0.0
0.0020008087158203125
0.0
0.0
0.0010006427764892578
0.0
0.002000093460083008
0.001001119613647461
0.0
0.0010037422180175781
0.0
0.0010023117065429688
0.0010042190551757812
0.0010008811950683594
0.0010285377502441406
0.0030002593994140625
0.0009968280792236328
0.003018617630004883
0.0
0.0009996891021728516
0.014981508255004883
0.0030150413513183594
0.0009827613830566406
0.0
0.0019986629486083984
0.002002239227294922
0.001001119613647461
0.0
0.0
0.0
0.006000995635986328
0.001985311508178711
0.003000497817993164
0.00099945068359375
0.003000020980834961
0.0010004043579101562
0.0010209083557128906
0.0010151863098144531
0.004984378814697266
0.0
0.0
0.003002643585205078
0.0
0.0029985904693603516
0.0
0.007991790771484375
0.0010001659393310547
0.0010058879852294922
0.00099945068359375
0.000986337661743164
0.0009980201721191406
0.0
0.0
0.008001327514648438
0.01201486587524414
0.0010008811950683594
0.0010001659393310547
0.0010068416595458984
0.0010004043579101562
0.0
0.0010001659393310547
0.0010004043579101562
0.0020155906677246094
0.002001047134399414
0.0
0.0
0.0009975433349609375
0.0
0.010000944137573242
0.0010008811950683594
0.0
0.0009984970092773438
0.0030014514923095703
0.006998777389526367
0.0
0.002002239227294922
0.0
0.0010025501251220703
0.0010135173797607422
0.0
0.0009756088256835938
0.0020003318786621094
0.0030019283294677734
0.0009996891021728516
0.0
0.0010058879852294922
0.0009996891021728516
0.0009996891021728516
0.005002260208129883
0.002002716064453125
0.0010001659393310547
0.0010018348693847656
0.000997304916381836
0.012006521224975586
0.002001523971557617
0.0
0.003996372222900391
0.0010180473327636719
0.001020669937133789
0.001009225845336914
0.0069997310638427734
0.0010166168212890625
0.0009989738464355469
0.0
0.0
0.0009996891021728516
0.0020003318786621094
0.0009999275207519531
0.006000995635986328
0.0009996891021728516
0.0009796619415283203
0.0010042190551757812
0.0010004043579101562
0.0
0.0030014514923095703
0.0030057430267333984
0.009001016616821289
0.0019996166229248047
0.0009999275207519531
0.0
0.0010008811950683594
0.0
0.0010173320770263672
0.003987789154052734
0.0
0.006014585494995117
0.0010187625885009766
0.002002239227294922
0.0
0.0029883384704589844
0.0020046234130859375
0.0
0.0020003318786621094
0.008001327514648438
0.0010025501251220703
0.003998756408691406
0.0
0.0019998550415039062
0.0029997825622558594
0.0
0.0009984970092773438
0.0010013580322265625
0.0010006427764892578
0.0
0.0029981136322021484
0.0010180473327636719
0.000982522964477539
0.006983518600463867
0.0010023117065429688
0.002001047134399414
0.002999544143676758
0.0030050277709960938
0.0030002593994140625
0.0029838085174560547
0.005999326705932617
0.0020008087158203125
0.0009853839874267578
0.0
0.0
0.0
0.0
0.0
0.0
0.0009810924530029297
0.007000923156738281
0.0019986629486083984
0.0010159015655517578
0.0020172595977783203
0.0010006427764892578
0.0
0.001001596450805664
0.0060024261474609375
0.0
0.001016378402709961
0.0
0.0
0.0030007362365722656
0.0
0.0010006427764892578
0.0009822845458984375
0.0
0.010000944137573242
0.0
0.00101470947265625
0.0
0.0
0.0
0.0
0.003999948501586914
0.0020012855529785156
0.001001596450805664
0.0
0.0
0.0010020732879638672
0.012003421783447266
0.0
0.002021312713623047
0.0
0.0009989738464355469
0.002997875213623047
0.001010894775390625
0.0019865036010742188
0.0029993057250976562
0.0049991607666015625
0.0
0.003999471664428711
0.001980304718017578
0.0010039806365966797
0.0009999275207519531
0.0009953975677490234
0.0
0.0
0.0009999275207519531
0.002003192901611328
0.018995285034179688
0.0009968280792236328
0.0
0.0040018558502197266
0.0009965896606445312
0.004000663757324219
0.0010008811950683594
0.0010051727294921875
0.0
0.0
0.0
0.0
0.001018524169921875
0.001001119613647461
0.0010006427764892578
0.0019981861114501953
0.0020036697387695312
0.0
0.0
0.0009987354278564453
0.009000778198242188
0.0
0.003002643585205078
0.0
0.0009999275207519531
0.0
0.0010004043579101562
0.0009996891021728516
0.0010004043579101562
0.015973329544067383
0.0
0.002000093460083008
0.003995656967163086
0.0010001659393310547
0.0
0.0010018348693847656
0.0
0.001001596450805664
0.0
0.0
0.007001399993896484
0.0
0.0
0.0
0.0
0.0
0.00400233268737793
0.0010020732879638672
0.0
0.003000974655151367
0.0
0.0
0.010022401809692383
0.007987499237060547
0.0010259151458740234
0.005979776382446289
0.0010013580322265625
0.0009987354278564453
0.0009999275207519531
0.0
0.0010001659393310547
0.0009975433349609375
0.0010013580322265625
0.0009961128234863281
0.0010013580322265625
0.0050127506256103516
0.018007516860961914
0.0009999275207519531
0.0020148754119873047
0.0010004043579101562
0.0010018348693847656
0.024001359939575195
0.003996372222900391
0.0
0.0
0.0009982585906982422
0.0020008087158203125
0.0
0.0
0.0
0.0009989738464355469
0.0009999275207519531
0.015000343322753906
0.0009996891021728516
0.00099945068359375
0.0009992122650146484
0.0
0.0019996166229248047
0.004000425338745117
0.0010006427764892578
0.0
0.0010223388671875
0.0010013580322265625
0.0009984970092773438
0.0020017623901367188
0.001005411148071289
0.0009992122650146484
0.0
0.0009996891021728516
0.0
0.0
0.0010025501251220703
0.0
0.0010018348693847656
0.001001119613647461
0.0009887218475341797
0.0030007362365722656
0.0029990673065185547
