0.010997533798217773
0.11400151252746582
0.08798599243164062
0.01952219009399414
0.06399178504943848
0.035984039306640625
0.028998136520385742
0.14211583137512207
0.2439882755279541
0.07698726654052734
0.09201693534851074
0.024987220764160156
0.03001856803894043
0.06299448013305664
0.11703014373779297
0.379697322845459
0.0839836597442627
0.02899789810180664
0.05799984931945801
0.03600025177001953
0.11000537872314453
0.04499363899230957
0.07297801971435547
0.01001882553100586
0.1269991397857666
0.03400230407714844
0.01599717140197754
0.04999828338623047
0.06098651885986328
0.17301607131958008
0.21698260307312012
0.04799532890319824
0.04899907112121582
0.17400288581848145
0.03399300575256348
0.03798723220825195
0.05800366401672363
0.01898360252380371
0.31299877166748047
0.09599423408508301
0.260012149810791
0.08899927139282227
0.054998159408569336
0.04199981689453125
0.0159914493560791
0.11100029945373535
0.044011831283569336
0.00800180435180664
0.040004730224609375
0.038985252380371094
0.0279998779296875
0.09800028800964355
0.026019573211669922
0.06798124313354492
0.03199958801269531
0.040993452072143555
0.05800127983093262
0.024998903274536133
0.1390078067779541
0.022013425827026367
0.15299463272094727
0.06898665428161621
0.0760042667388916
0.0730140209197998
0.0370025634765625
0.05499911308288574
0.1860036849975586
0.04200172424316406
0.030995845794677734
0.034998178482055664
0.0850069522857666
0.2559998035430908
0.21598029136657715
0.08699536323547363
0.09000205993652344
0.06801223754882812
0.030984878540039062
0.05599212646484375
0.013997793197631836
0.14194917678833008
0.022991657257080078
0.0839996337890625
0.04399871826171875
0.009995698928833008
0.04000043869018555
0.0729978084564209
0.05099916458129883
0.018998146057128906
0.030998945236206055
0.02200031280517578
0.04898190498352051
0.27698469161987305
0.15898585319519043
0.02901744842529297
0.2709958553314209
0.22800493240356445
0.027979135513305664
0.25405001640319824
0.18700098991394043
0.04398751258850098
0.05997920036315918
0.08101630210876465
0.038001060485839844
0.05100059509277344
0.07099533081054688
0.014983654022216797
0.10998153686523438
0.017000913619995117
0.03299856185913086
0.10098791122436523
0.069000244140625
0.032988786697387695
0.09098649024963379
0.14499855041503906
0.03301262855529785
0.06399989128112793
0.027001619338989258
0.02400064468383789
0.1290144920349121
0.05814957618713379
0.17501163482666016
0.014985084533691406
0.19098258018493652
0.022987842559814453
0.046999216079711914
0.042986154556274414
0.06900191307067871
0.05200815200805664
0.03399944305419922
0.10399484634399414
0.009000778198242188
0.05500078201293945
0.06400132179260254
0.01799464225769043
0.025983810424804688
0.07600545883178711
0.17099571228027344
0.033002376556396484
0.05501675605773926
0.012000322341918945
0.014999866485595703
0.012999534606933594
0.23200368881225586
0.12299942970275879
0.05199718475341797
0.11101293563842773
0.29598331451416016
0.038999319076538086
0.03598809242248535
0.015016317367553711
0.04099869728088379
0.016003131866455078
0.23305296897888184
0.17100071907043457
0.2500178813934326
0.11500167846679688
0.18597984313964844
0.059020280838012695
0.12598347663879395
0.017003297805786133
0.018999576568603516
0.08199954032897949
0.05099964141845703
0.033983707427978516
0.024984121322631836
0.21401262283325195
0.016001462936401367
0.33200502395629883
0.02698802947998047
0.02701878547668457
0.19001555442810059
0.09300017356872559
0.05387258529663086
0.10391473770141602
0.018999814987182617
0.04901409149169922
0.02100062370300293
0.07399821281433105
0.018002748489379883
0.04398512840270996
0.016003847122192383
0.05001258850097656
0.10200333595275879
0.09201788902282715
0.059018850326538086
0.02900242805480957
0.06699967384338379
0.07804679870605469
0.12799811363220215
0.028982162475585938
0.03499174118041992
0.01798701286315918
0.041986703872680664
0.1140134334564209
0.0510258674621582
0.07898592948913574
0.048006296157836914
0.014017820358276367
0.21000051498413086
0.1679844856262207
0.04200005531311035
0.030997037887573242
0.1619892120361328
0.13299918174743652
0.02701401710510254
0.024987459182739258
0.012014389038085938
0.0569760799407959
0.26000142097473145
0.07599973678588867
0.09301614761352539
0.09401392936706543
0.07700181007385254
0.056998491287231445
0.04697990417480469
0.027002334594726562
0.20601701736450195
0.022002458572387695
0.1429903507232666
0.03099966049194336
0.05899548530578613
0.01598501205444336
0.11197972297668457
0.23098969459533691
0.029000282287597656
0.05299830436706543
0.13997769355773926
0.04999518394470215
0.1400001049041748
0.00899648666381836
0.04498124122619629
0.22100210189819336
0.33298563957214355
0.04099917411804199
0.06697535514831543
0.08199238777160645
0.1919865608215332
0.025998592376708984
0.07297515869140625
0.09402155876159668
0.057988643646240234
0.09998297691345215
0.008987665176391602
0.19098734855651855
0.03400301933288574
0.0299985408782959
0.11101293563842773
0.002001523971557617
0.03600907325744629
0.018998384475708008
0.1739819049835205
0.08800935745239258
0.039994239807128906
0.028988122940063477
0.09901690483093262
0.06798291206359863
0.026986122131347656
0.13798856735229492
0.07900857925415039
0.09399890899658203
0.09598731994628906
0.10499715805053711
0.05200052261352539
0.14798593521118164
0.05000042915344238
0.008999824523925781
0.08099961280822754
0.07398557662963867
0.018000125885009766
0.014993429183959961
0.022020816802978516
0.14299941062927246
0.09000158309936523
0.013992071151733398
0.0310060977935791
0.03399968147277832
0.03598308563232422
0.04998302459716797
0.10398602485656738
0.05899834632873535
0.04200005531311035
0.011999845504760742
0.025987625122070312
0.03800058364868164
0.10001540184020996
0.0859837532043457
0.20301294326782227
0.04063725471496582
0.30800557136535645
0.16901779174804688
0.09101057052612305
0.04999685287475586
0.0860140323638916
0.18299269676208496
0.17099952697753906
0.2170102596282959
0.03801536560058594
0.0590212345123291
0.026015758514404297
0.02300238609313965
0.06298351287841797
0.14100003242492676
0.054982900619506836
0.03898501396179199
0.10098028182983398
0.04598641395568848
0.02300095558166504
0.06699967384338379
0.08801126480102539
0.012015819549560547
0.20108389854431152
0.07700157165527344
0.04699897766113281
0.07199573516845703
0.03898334503173828
0.06700539588928223
0.04000067710876465
0.03200125694274902
0.0069887638092041016
0.13500046730041504
0.029984474182128906
0.06201457977294922
0.08200311660766602
0.04099750518798828
0.058001041412353516
0.10801577568054199
0.07999849319458008
0.06998157501220703
0.26399827003479004
0.19898343086242676
0.21700119972229004
0.016999244689941406
0.10599780082702637
0.03400063514709473
0.10455203056335449
0.021999835968017578
0.03201889991760254
0.03499889373779297
0.06499814987182617
0.10898542404174805
0.025000810623168945
0.022020339965820312
0.04000091552734375
0.1790144443511963
0.056980133056640625
0.059007883071899414
0.04800081253051758
0.05298161506652832
0.1049809455871582
0.22701597213745117
0.023977994918823242
0.22999787330627441
0.123992919921875
0.02101898193359375
0.06998109817504883
0.03400015830993652
0.013998985290527344
0.11300921440124512
0.018999814987182617
0.127000093460083
0.026999711990356445
0.15899872779846191
0.06101584434509277
0.03270673751831055
0.031014204025268555
0.06699657440185547
0.11102986335754395
0.0320127010345459
0.03598666191101074
0.056081295013427734
0.010995626449584961
0.03898048400878906
0.12099790573120117
0.05100250244140625
0.07400012016296387
0.012998819351196289
0.05700063705444336
0.06701445579528809
0.029979944229125977
0.10501599311828613
0.06500577926635742
0.14301109313964844
0.06999802589416504
0.1160116195678711
0.07201910018920898
0.060999155044555664
0.0149993896484375
0.39798855781555176
0.018997669219970703
0.10001969337463379
0.03800511360168457
0.41100311279296875
0.240020751953125
0.02597212791442871
0.06499743461608887
0.15601539611816406
0.1110074520111084
0.21700406074523926
0.07399559020996094
0.05899691581726074
0.032998085021972656
0.033002376556396484
0.017994165420532227
0.027021408081054688
0.0749809741973877
0.0639948844909668
0.03197813034057617
0.03600025177001953
0.08397912979125977
0.03900146484375
0.05300641059875488
0.023014068603515625
0.443981409072876
0.09599733352661133
0.09497737884521484
0.02700328826904297
0.006996870040893555
0.04097414016723633
0.057000160217285156
0.06801533699035645
0.08299016952514648
0.28302764892578125
0.1600017547607422
0.8110005855560303
0.31401872634887695
0.06398701667785645
0.12700271606445312
0.09902644157409668
0.02201700210571289
0.04598426818847656
0.018999099731445312
0.030998945236206055
0.21199750900268555
0.02199721336364746
0.10001540184020996
0.03200173377990723
0.4529883861541748
0.043003082275390625
0.15700173377990723
0.03000020980834961
0.013999462127685547
0.16697001457214355
0.09201884269714355
0.027997970581054688
0.10898900032043457
0.15700030326843262
0.032990455627441406
0.24173307418823242
0.017984628677368164
0.015999794006347656
0.05002188682556152
0.04500079154968262
0.08699846267700195
0.039999961853027344
0.037999629974365234
0.0909881591796875
0.0209810733795166
0.06598234176635742
0.2810060977935791
0.10901975631713867
0.5179731845855713
0.10901594161987305
0.04699993133544922
0.12401270866394043
0.050000905990600586
0.03002023696899414
0.05501556396484375
0.025002002716064453
0.054001808166503906
0.05501604080200195
0.006970405578613281
0.039015769958496094
0.027001142501831055
0.16099810600280762
0.286998987197876
0.05900096893310547
0.020003557205200195
0.04901885986328125
0.01398158073425293
0.07399821281433105
0.1790001392364502
0.06201529502868652
0.012001276016235352
0.051992177963256836
0.09799766540527344
0.035004377365112305
0.10498309135437012
0.019000768661499023
0.10399794578552246
0.01500391960144043
0.15599846839904785
0.023995637893676758
0.016013145446777344
0.1060173511505127
0.11699748039245605
0.03700065612792969
0.014977455139160156
0.012027502059936523
0.06702995300292969
0.11696887016296387
