0.510857343673706
0.4330918788909912
0.347750186920166
0.4464588165283203
0.3391385078430176
0.6097943782806396
0.4474492073059082
1.4717376232147217
0.7051446437835693
1.4292957782745361
1.4165422916412354
0.3728828430175781
0.33788418769836426
0.7273402214050293
0.37996459007263184
0.44453954696655273
0.622689962387085
0.36403870582580566
1.1130499839782715
0.49796414375305176
1.2693617343902588
1.4821364879608154
0.6717910766601562
0.32000041007995605
0.337268590927124
0.3099024295806885
0.4845235347747803
0.5349633693695068
0.3585047721862793
0.3058509826660156
0.45282530784606934
0.32532501220703125
0.5153605937957764
2.9338722229003906
0.31711697578430176
0.36486196517944336
0.6008152961730957
0.3179190158843994
4.867727756500244
0.6489627361297607
2.1184351444244385
6.749983787536621
0.358595609664917
0.43599367141723633
0.4349172115325928
0.47914600372314453
0.7232377529144287
0.35710644721984863
0.30500268936157227
0.42148780822753906
0.3331460952758789
0.3307363986968994
0.4958784580230713
0.6665232181549072
0.46927475929260254
0.4452946186065674
0.3083171844482422
0.4507567882537842
8.311642169952393
0.47472667694091797
1.5541667938232422
0.5312597751617432
0.49677085876464844
0.3321876525878906
0.3000023365020752
1.0949482917785645
2.629779815673828
0.5640842914581299
0.4530980587005615
0.2999732494354248
0.33286023139953613
4.263561725616455
3.0261919498443604
2.1550464630126953
0.6800422668457031
0.7165508270263672
0.3410768508911133
0.3043553829193115
0.43831944465637207
0.45410943031311035
0.3531816005706787
0.4501500129699707
1.2999868392944336
0.3654754161834717
0.32027578353881836
1.8568077087402344
2.1129801273345947
0.3161599636077881
0.29470324516296387
0.6797904968261719
0.336132287979126
6.6798601150512695
2.0746545791625977
0.31647753715515137
5.810831308364868
1.2128314971923828
0.3329594135284424
0.6705644130706787
0.29034996032714844
0.46506834030151367
0.31950879096984863
0.32686901092529297
0.47261714935302734
2.0930190086364746
0.6915743350982666
0.48350954055786133
1.2330365180969238
0.35819149017333984
0.47351670265197754
0.454620361328125
0.3499867916107178
0.33107638359069824
0.45507264137268066
1.363795280456543
0.4332611560821533
0.43452930450439453
0.4464561939239502
0.46282148361206055
0.7050426006317139
0.6478140354156494
6.403836727142334
0.31411314010620117
9.724064826965332
0.297407865524292
0.47385358810424805
0.32204461097717285
1.397963523864746
0.32819223403930664
0.7258181571960449
0.7063877582550049
0.45005059242248535
0.3224782943725586
2.173318386077881
0.4938631057739258
0.6025609970092773
0.46575403213500977
1.4695384502410889
0.30231642723083496
0.7099893093109131
0.47156620025634766
0.3429985046386719
0.32500362396240234
0.6669566631317139
1.1099474430084229
0.326993465423584
1.2807633876800537
0.457028865814209
1.2989394664764404
0.5155694484710693
0.46727418899536133
0.49854230880737305
0.6716606616973877
2.8193607330322266
3.0497591495513916
5.203148603439331
0.4528968334197998
0.732672929763794
0.3290436267852783
0.5139100551605225
0.2726278305053711
0.3019850254058838
0.6594667434692383
0.30777978897094727
0.4772469997406006
0.31009411811828613
3.81545090675354
0.3184480667114258
1.363635778427124
0.3817119598388672
0.3305079936981201
0.30645084381103516
0.42839908599853516
0.3411366939544678
5.2854835987091064
1.5878348350524902
0.49805259704589844
0.334165096282959
1.3239989280700684
0.3457002639770508
0.5931351184844971
0.32132649421691895
0.48142337799072266
0.5131604671478271
0.2911529541015625
1.162968635559082
0.45255303382873535
0.3095691204071045
0.6471755504608154
0.4340529441833496
0.32909417152404785
0.6443901062011719
0.32782793045043945
0.5128006935119629
1.8067336082458496
0.3321878910064697
1.293459415435791
0.4949638843536377
0.2916245460510254
8.26749563217163
1.870574951171875
0.49135661125183105
0.3202168941497803
1.0651979446411133
1.2913713455200195
0.5156114101409912
0.34203672409057617
0.27698540687561035
0.3127477169036865
3.040029287338257
1.3912677764892578
1.160691738128662
0.6699881553649902
1.2956373691558838
0.5878705978393555
0.4279460906982422
0.45453405380249023
2.92000412940979
0.34800100326538086
0.45644569396972656
2.1574788093566895
0.504671573638916
2.0237767696380615
0.30138444900512695
5.193803310394287
0.6057627201080322
0.591360330581665
0.6630651950836182
0.6968004703521729
0.4767186641693115
0.3097388744354248
0.4696815013885498
3.473228693008423
6.091875076293945
0.32578349113464355
1.4400358200073242
0.593224048614502
0.6095912456512451
0.43152427673339844
0.45736050605773926
0.48657798767089844
0.7225615978240967
0.6075949668884277
0.34203076362609863
0.35350632667541504
0.47301530838012695
0.3190016746520996
5.123326778411865
0.41134095191955566
0.4544241428375244
0.44899916648864746
1.421415090560913
2.0106873512268066
0.3266592025756836
0.4688093662261963
0.3187732696533203
0.6172404289245605
0.6617918014526367
0.6392872333526611
0.47127318382263184
1.3838779926300049
0.6886658668518066
0.7121381759643555
0.471921443939209
0.5079925060272217
0.4786510467529297
0.293060302734375
2.296243667602539
1.159059762954712
0.3452639579772949
0.3573930263519287
0.328380823135376
4.297943830490112
0.7139055728912354
0.3378467559814453
0.7022686004638672
1.1083717346191406
0.45978832244873047
0.32999205589294434
3.034705400466919
0.5034594535827637
0.5284931659698486
0.43510913848876953
0.3320748805999756
0.6374988555908203
1.0520820617675781
0.3136436939239502
1.4204697608947754
0.30207300186157227
0.4624607563018799
0.488574743270874
0.3305397033691406
0.3203103542327881
1.5656993389129639
1.4899983406066895
6.025199890136719
1.1303281784057617
0.3149559497833252
0.451000452041626
0.3266594409942627
0.4227285385131836
0.5013461112976074
2.3092269897460938
0.30158090591430664
3.611060380935669
0.603579044342041
0.6978695392608643
0.3235664367675781
1.9051623344421387
1.0956501960754395
0.3291165828704834
1.302891731262207
3.388119697570801
0.3298218250274658
2.097666025161743
0.37731075286865234
1.0717966556549072
1.332488775253296
0.314608097076416
0.4655883312225342
0.4479963779449463
0.5551156997680664
0.43941307067871094
1.9876067638397217
0.4858272075653076
0.3665335178375244
2.112156391143799
0.6518700122833252
0.6993980407714844
1.4762170314788818
1.1104769706726074
1.3552753925323486
1.2892940044403076
3.6021711826324463
0.7144758701324463
0.47502970695495605
0.5128624439239502
0.4356801509857178
0.35063719749450684
0.32215452194213867
0.6354770660400391
0.3424873352050781
0.3163459300994873
4.438150882720947
1.276155710220337
0.6932899951934814
0.7217745780944824
0.438922643661499
0.3741910457611084
0.7329306602478027
4.233624219894409
0.32003235816955566
0.7094516754150391
0.42717766761779785
0.3650527000427246
1.4440665245056152
0.31423473358154297
0.32334089279174805
0.48964548110961914
0.29720520973205566
4.161578416824341
0.45200610160827637
1.2153067588806152
0.34148478507995605
0.34128808975219727
0.3729209899902344
0.342679500579834
1.111889123916626
1.1109657287597656
0.4664936065673828
0.3068392276763916
0.2969200611114502
0.3244016170501709
4.200102806091309
0.4730865955352783
1.4272212982177734
0.44948434829711914
0.4871792793273926
0.7418644428253174
0.3177471160888672
1.1203484535217285
2.2353243827819824
3.675938129425049
0.32677435874938965
1.3737657070159912
1.1484923362731934
0.4353039264678955
0.3486514091491699
0.6171138286590576
0.3206977844238281
0.37650179862976074
0.3288276195526123
1.0459418296813965
14.349673986434937
0.3583638668060303
0.4359018802642822
2.5456490516662598
0.3688788414001465
1.449608325958252
0.4624791145324707
0.5129878520965576
0.315659761428833
0.29526805877685547
0.33455967903137207
0.3380613327026367
0.5887477397918701
0.61053466796875
0.4500467777252197
1.3153140544891357
0.4473400115966797
0.4761934280395508
0.5141019821166992
0.4952273368835449
5.198242902755737
0.29467105865478516
1.5052821636199951
0.3249640464782715
0.4629061222076416
0.30553507804870605
0.3233914375305176
0.5926218032836914
0.6492776870727539
4.408849239349365
0.34302639961242676
1.9495103359222412
2.1793880462646484
0.7006349563598633
0.297466516494751
0.43962907791137695
0.2996807098388672
0.4745914936065674
0.33878231048583984
0.408754825592041
5.317370176315308
0.33643293380737305
0.539783239364624
0.3172743320465088
0.4219949245452881
0.29633545875549316
1.3408799171447754
0.4590156078338623
0.3140537738800049
1.28633451461792
0.33722424507141113
0.4887371063232422
2.798760175704956
4.635807991027832
0.2822730541229248
3.289116144180298
0.45293235778808594
0.33544206619262695
0.5432436466217041
0.3273916244506836
0.6894519329071045
0.5015544891357422
0.29064440727233887
0.5356545448303223
0.4863712787628174
2.9473319053649902
5.7622129917144775
0.6987581253051758
0.7217230796813965
1.084873914718628
0.7352766990661621
13.418739080429077
2.118645668029785
0.4970879554748535
0.49663281440734863
0.49568676948547363
1.08555006980896
0.42261242866516113
0.31351280212402344
0.3166513442993164
0.46169590950012207
0.31999993324279785
9.757466077804565
0.5014152526855469
0.33452510833740234
0.5057041645050049
0.3066704273223877
0.6034338474273682
2.119100332260132
0.4576895236968994
0.2916579246520996
0.2860383987426758
0.7064311504364014
0.3390321731567383
1.106780767440796
0.43398404121398926
0.5064451694488525
0.3128178119659424
0.34697675704956055
0.31850457191467285
0.2800021171569824
0.39066481590270996
0.32515978813171387
0.29360246658325195
0.44754767417907715
0.316788911819458
0.6696040630340576
0.6797957420349121
