0.01999807357788086
0.20499658584594727
0.22595906257629395
0.09296298027038574
0.15199518203735352
0.06801438331604004
0.05400228500366211
0.2955143451690674
0.4189944267272949
0.13900232315063477
0.17298007011413574
0.12299585342407227
0.06399869918823242
0.13701486587524414
0.15999269485473633
0.5720500946044922
0.1280224323272705
0.08995747566223145
0.16597437858581543
0.09198808670043945
0.34197354316711426
0.08100032806396484
0.18901538848876953
0.024000883102416992
0.2349720001220703
0.09694480895996094
0.05294656753540039
0.11554408073425293
0.11801719665527344
0.2879903316497803
0.33599019050598145
0.07597970962524414
0.1289961338043213
0.3786945343017578
0.062009572982788086
0.09500527381896973
0.11701679229736328
0.05301237106323242
0.5710177421569824
0.20149683952331543
0.583000659942627
0.24899530410766602
0.12799715995788574
0.06800317764282227
0.055977582931518555
0.3229818344116211
0.10396957397460938
0.03301548957824707
0.05800437927246094
0.12900376319885254
0.08300137519836426
0.2089526653289795
0.0599973201751709
0.13002276420593262
0.08198237419128418
0.10201454162597656
0.11597990989685059
0.05399942398071289
0.2539806365966797
0.07897663116455078
0.28798341751098633
0.13900351524353027
0.18099236488342285
0.14600777626037598
0.0820009708404541
0.13701796531677246
0.3340017795562744
0.11895942687988281
0.05900406837463379
0.093994140625
0.1679975986480713
0.39499497413635254
0.34400248527526855
0.1539783477783203
0.28317832946777344
0.16698193550109863
0.06601285934448242
0.10499215126037598
0.033992767333984375
0.2479994297027588
0.08000993728637695
0.23700976371765137
0.18200135231018066
0.02998971939086914
0.11796092987060547
0.18499994277954102
0.12099552154541016
0.09097814559936523
0.08698368072509766
0.03801226615905762
0.12996363639831543
0.6150174140930176
0.21802234649658203
0.07998418807983398
0.5220026969909668
0.3729839324951172
0.09704709053039551
0.45905351638793945
0.4130125045776367
0.08998513221740723
0.1530165672302246
0.18094396591186523
0.07021141052246094
0.12298154830932617
0.12401294708251953
0.055971384048461914
0.22101497650146484
0.09697198867797852
0.12098884582519531
0.14099574089050293
0.09702205657958984
0.11397218704223633
0.11699223518371582
0.3486149311065674
0.05498623847961426
0.12701082229614258
0.06499648094177246
0.10196137428283691
0.13898396492004395
0.12486743927001953
0.3790013790130615
0.04298233985900879
0.4290001392364502
0.06995701789855957
0.06201481819152832
0.1120138168334961
0.18198037147521973
0.09900450706481934
0.0650014877319336
0.2609865665435791
0.018995046615600586
0.08297324180603027
0.13597774505615234
0.03699851036071777
0.06756782531738281
0.17969083786010742
0.33301758766174316
0.10499286651611328
0.12750887870788574
0.04296255111694336
0.033972740173339844
0.028997182846069336
0.4459857940673828
0.2989671230316162
0.10300660133361816
0.21001696586608887
0.49198412895202637
0.0739738941192627
0.07801365852355957
0.042474985122680664
0.10801243782043457
0.043976783752441406
0.4836430549621582
0.38901615142822266
0.47699904441833496
0.21100187301635742
0.33201050758361816
0.13997149467468262
0.13701200485229492
0.05594229698181152
0.04099893569946289
0.16698145866394043
0.13600993156433105
0.11095929145812988
0.054013967514038086
0.2499997615814209
0.044975996017456055
0.5219838619232178
0.07999944686889648
0.07698798179626465
0.38698601722717285
0.18256282806396484
0.10300946235656738
0.25910449028015137
0.04001307487487793
0.14198827743530273
0.06296563148498535
0.1329808235168457
0.05799508094787598
0.08799862861633301
0.06895995140075684
0.10253763198852539
0.16599369049072266
0.1579446792602539
0.14100027084350586
0.07399606704711914
0.13399982452392578
0.1653435230255127
0.23000168800354004
0.08098006248474121
0.07301664352416992
0.04700517654418945
0.11902046203613281
0.2369692325592041
0.12701106071472168
0.1640152931213379
0.10297632217407227
0.025998830795288086
0.4960207939147949
0.320995569229126
0.10300636291503906
0.08601570129394531
0.36701107025146484
0.2709827423095703
0.08194398880004883
0.08895397186279297
0.022999286651611328
0.1280219554901123
0.5999977588653564
0.16601300239562988
0.19204068183898926
0.17299985885620117
0.20496392250061035
0.13255834579467773
0.12503409385681152
0.07799363136291504
0.3959825038909912
0.05899977684020996
0.27501344680786133
0.06203269958496094
0.10901951789855957
0.04701709747314453
0.13102507591247559
0.49998927116394043
0.07300019264221191
0.10798859596252441
0.3233675956726074
0.12699627876281738
0.28599977493286133
0.02599477767944336
0.11600565910339355
0.47099757194519043
0.5020005702972412
0.16194462776184082
0.1700153350830078
0.17598247528076172
0.2919955253601074
0.047998905181884766
0.15296435356140137
0.1289844512939453
0.12502384185791016
0.18200206756591797
0.02202630043029785
0.44101405143737793
0.06998133659362793
0.06300091743469238
0.2350003719329834
0.005999565124511719
0.08399081230163574
0.06998157501220703
0.41500091552734375
0.1710212230682373
0.08899879455566406
0.05200004577636719
0.2469921112060547
0.10501289367675781
0.059009552001953125
0.29098987579345703
0.1369917392730713
0.1900019645690918
0.18297672271728516
0.1970047950744629
0.14998912811279297
0.2790098190307617
0.12094497680664062
0.018976449966430664
0.1609814167022705
0.19398880004882812
0.043999433517456055
0.0429990291595459
0.058968305587768555
0.24698448181152344
0.18498659133911133
0.03900456428527832
0.04099106788635254
0.07199978828430176
0.07198286056518555
0.0779869556427002
0.23401618003845215
0.11894679069519043
0.09600996971130371
0.02798604965209961
0.07596635818481445
0.0749967098236084
0.19499993324279785
0.2680089473724365
0.32898902893066406
0.07900428771972656
0.5059952735900879
0.3299863338470459
0.11397743225097656
0.11499404907226562
0.14599227905273438
0.3489992618560791
0.4440007209777832
0.41626667976379395
0.1149446964263916
0.14899897575378418
0.07094287872314453
0.06798720359802246
0.13101482391357422
0.30499839782714844
0.14101266860961914
0.07699704170227051
0.24597954750061035
0.08101511001586914
0.08596110343933105
0.1569960117340088
0.2069995403289795
0.04594564437866211
0.4870486259460449
0.15200114250183105
0.1149437427520752
0.17798519134521484
0.0949852466583252
0.10303735733032227
0.09597516059875488
0.08799028396606445
0.014999866485595703
0.19800138473510742
0.07398533821105957
0.13699865341186523
0.15198230743408203
0.10397791862487793
0.11099839210510254
0.2159743309020996
0.20801377296447754
0.14355134963989258
0.5839972496032715
0.26499080657958984
0.4029967784881592
0.04098153114318848
0.26400160789489746
0.07700943946838379
0.1609644889831543
0.07697582244873047
0.06298613548278809
0.08701086044311523
0.12001276016235352
0.22999167442321777
0.045998573303222656
0.06499838829040527
0.07099747657775879
0.3489811420440674
0.11399960517883301
0.1304931640625
0.10899806022644043
0.14700627326965332
0.21498465538024902
0.37398624420166016
0.07796835899353027
0.46301770210266113
0.24500203132629395
0.07596898078918457
0.17398643493652344
0.09500479698181152
0.04496312141418457
0.2590351104736328
0.04498624801635742
0.22700214385986328
0.06598830223083496
0.20700407028198242
0.13099217414855957
0.07498788833618164
0.1009972095489502
0.13997626304626465
0.1809535026550293
0.07400012016296387
0.10000014305114746
0.12999510765075684
0.04401874542236328
0.0869748592376709
0.2440030574798584
0.1099863052368164
0.19299769401550293
0.04196524620056152
0.1049952507019043
0.1039884090423584
0.10900759696960449
0.20899343490600586
0.16904854774475098
0.27498912811279297
0.15396881103515625
0.2539944648742676
0.18398571014404297
0.12801551818847656
0.04198789596557617
0.6889936923980713
0.04997968673706055
0.1519947052001953
0.09344816207885742
0.6929972171783447
0.44371461868286133
0.05797696113586426
0.14099979400634766
0.2279956340789795
0.13695812225341797
0.385021448135376
0.2599930763244629
0.13599729537963867
0.08396267890930176
0.0819845199584961
0.05097603797912598
0.07399368286132812
0.162003755569458
0.1260213851928711
0.06994819641113281
0.061981916427612305
0.09399127960205078
0.09699392318725586
0.12397527694702148
0.059946298599243164
0.6250021457672119
0.07496953010559082
0.23500394821166992
0.06899642944335938
0.02099919319152832
0.09902381896972656
0.12298583984375
0.14496660232543945
0.15799641609191895
0.5159869194030762
0.2769763469696045
1.3990168571472168
0.5251603126525879
0.16301655769348145
0.22597169876098633
0.20252752304077148
0.057993412017822266
0.10297822952270508
0.0589909553527832
0.1049964427947998
0.5000009536743164
0.08199524879455566
0.24195313453674316
0.09996533393859863
0.7850148677825928
0.06001138687133789
0.26400089263916016
0.06202387809753418
0.041211843490600586
0.28499603271484375
0.1829519271850586
0.04899883270263672
0.2470531463623047
0.29701805114746094
0.059989213943481445
0.3621222972869873
0.05398297309875488
0.06399250030517578
0.14299345016479492
0.12399053573608398
0.23059582710266113
0.12200117111206055
0.08797860145568848
0.18199920654296875
0.03899955749511719
0.15102148056030273
0.4790041446685791
0.27794480323791504
1.0520246028900146
0.22100090980529785
0.10099244117736816
0.23198223114013672
0.10500216484069824
0.05999350547790527
0.1479952335357666
0.06199359893798828
0.11397385597229004
0.12399935722351074
0.01502847671508789
0.09196758270263672
0.05999898910522461
0.3339879512786865
0.5898149013519287
0.15194320678710938
0.048943281173706055
0.10900211334228516
0.038038015365600586
0.16497182846069336
0.42499494552612305
0.12499594688415527
0.04299521446228027
0.09700393676757812
0.22299933433532715
0.06997227668762207
0.16599130630493164
0.039014339447021484
0.207993745803833
0.0429842472076416
0.34699225425720215
0.06899023056030273
0.02999734878540039
0.14699459075927734
0.1389930248260498
0.08099484443664551
0.038996219635009766
0.018996000289916992
0.12099909782409668
0.17103242874145508
