0.025015830993652344
0.1710035800933838
0.20398163795471191
0.041971683502197266
0.09801292419433594
0.10599207878112793
0.07100725173950195
0.15001249313354492
0.36000943183898926
0.11999917030334473
0.20700883865356445
0.045024871826171875
0.0579681396484375
0.10098552703857422
0.13602066040039062
0.43599987030029297
0.12201333045959473
0.04501509666442871
0.10300087928771973
0.10853958129882812
0.2220134735107422
0.06498289108276367
0.17100167274475098
0.01999831199645996
0.16100597381591797
0.06799173355102539
0.035996198654174805
0.08899331092834473
0.09900355339050293
0.265033483505249
0.23502016067504883
0.05299806594848633
0.08098793029785156
0.3260374069213867
0.045989990234375
0.06401610374450684
0.12999844551086426
0.03900027275085449
0.44698262214660645
0.15598535537719727
0.4550008773803711
0.16901803016662598
0.10301470756530762
0.06700015068054199
0.0629580020904541
0.25099992752075195
0.0710134506225586
0.03602790832519531
0.095001220703125
0.08500027656555176
0.06199955940246582
0.14499783515930176
0.0419769287109375
0.1560201644897461
0.05696892738342285
0.05699729919433594
0.09399247169494629
0.05502963066101074
0.23801755905151367
0.05098104476928711
0.2559995651245117
0.1270155906677246
0.1562657356262207
0.1402883529663086
0.059993743896484375
0.1139988899230957
0.2969827651977539
0.07398557662963867
0.05399203300476074
0.02898240089416504
0.12400197982788086
0.3449997901916504
0.3020000457763672
0.11300015449523926
0.16800308227539062
0.11800885200500488
0.0569915771484375
0.09401726722717285
0.02197551727294922
0.22100496292114258
0.039505958557128906
0.16299939155578613
0.06499981880187988
0.023012638092041016
0.08199548721313477
0.11096882820129395
0.09899592399597168
0.0389864444732666
0.06199359893798828
0.037999868392944336
0.10201621055603027
0.39801621437072754
0.17101073265075684
0.09098553657531738
0.4289970397949219
0.37301039695739746
0.12498998641967773
0.45099496841430664
0.3419795036315918
0.06601524353027344
0.0970003604888916
0.16801095008850098
0.14454269409179688
0.10098552703857422
0.13701820373535156
0.035529136657714844
0.1939527988433838
0.03198671340942383
0.0580141544342041
0.11101698875427246
0.09398365020751953
0.05500006675720215
0.12099695205688477
0.29598116874694824
0.07292795181274414
0.11301612854003906
0.05297064781188965
0.03599834442138672
0.09900021553039551
0.09300541877746582
0.3489840030670166
0.04600024223327637
0.34601306915283203
0.04699993133544922
0.049983978271484375
0.07501816749572754
0.12401652336120605
0.12300324440002441
0.05699467658996582
0.18301653861999512
0.010973453521728516
0.05000615119934082
0.1390066146850586
0.03699302673339844
0.05601239204406738
0.13001251220703125
0.29399919509887695
0.09399771690368652
0.11998200416564941
0.03300070762634277
0.028966188430786133
0.030994892120361328
0.37801647186279297
0.2709996700286865
0.08612799644470215
0.12998700141906738
0.5259952545166016
0.0670168399810791
0.07901477813720703
0.0379793643951416
0.07200169563293457
0.026980876922607422
0.4279940128326416
0.2975585460662842
0.512998104095459
0.23000288009643555
0.287982702255249
0.1005256175994873
0.09600257873535156
0.02901434898376465
0.041010379791259766
0.1400294303894043
0.08498954772949219
0.06801199913024902
0.0540165901184082
0.21398305892944336
0.05200028419494629
0.5099775791168213
0.03500056266784668
0.04998779296875
0.3950037956237793
0.14999961853027344
0.058449506759643555
0.1849985122680664
0.03298068046569824
0.10398697853088379
0.05998969078063965
0.13501715660095215
0.05000138282775879
0.06799697875976562
0.03399515151977539
0.09354972839355469
0.1609971523284912
0.1020050048828125
0.0829777717590332
0.061510324478149414
0.09599614143371582
0.13900303840637207
0.29000377655029297
0.0449979305267334
0.0469970703125
0.05098748207092285
0.10999846458435059
0.19099950790405273
0.08999967575073242
0.16800141334533691
0.0800023078918457
0.02299952507019043
0.3059988021850586
0.3121011257171631
0.09697461128234863
0.07099151611328125
0.27701473236083984
0.2484889030456543
0.043999433517456055
0.041963815689086914
0.01799607276916504
0.04999947547912598
0.41402435302734375
0.1230020523071289
0.16098403930664062
0.19701361656188965
0.13399624824523926
0.09799671173095703
0.0859990119934082
0.053000450134277344
0.27800512313842773
0.03499937057495117
0.23599648475646973
0.09600567817687988
0.10904097557067871
0.03899979591369629
0.0970146656036377
0.40970706939697266
0.053993940353393555
0.10399723052978516
0.2956521511077881
0.10500288009643555
0.20198464393615723
0.0209963321685791
0.08300280570983887
0.37099432945251465
0.41808366775512695
0.06101489067077637
0.10000181198120117
0.166978120803833
0.17999529838562012
0.0509946346282959
0.0999913215637207
0.07900476455688477
0.09499883651733398
0.17010760307312012
0.011999368667602539
0.316997766494751
0.08299779891967773
0.05000042915344238
0.22904062271118164
0.003984689712524414
0.06099414825439453
0.03302288055419922
0.27599644660949707
0.15100884437561035
0.06701183319091797
0.04999661445617676
0.18698549270629883
0.1000213623046875
0.06953573226928711
0.32901597023010254
0.08700227737426758
0.18399858474731445
0.16652441024780273
0.16698837280273438
0.09001326560974121
0.23201775550842285
0.10400080680847168
0.020989418029785156
0.157027006149292
0.13799262046813965
0.04700446128845215
0.0299985408782959
0.029999971389770508
0.250598669052124
0.1460099220275879
0.03499197959899902
0.02500176429748535
0.10499286651611328
0.0969996452331543
0.06600260734558105
0.1716170310974121
0.07800173759460449
0.0890200138092041
0.02698826789855957
0.04301595687866211
0.06701159477233887
0.21001911163330078
0.16202187538146973
0.22401785850524902
0.07099676132202148
0.4749932289123535
0.25699710845947266
0.10301017761230469
0.11597776412963867
0.14699935913085938
0.3139984607696533
0.32199907302856445
0.30556368827819824
0.06648373603820801
0.11099600791931152
0.036995887756347656
0.05498671531677246
0.09697699546813965
0.25697970390319824
0.08599734306335449
0.09599637985229492
0.1549999713897705
0.08296608924865723
0.038979291915893555
0.10852599143981934
0.21808528900146484
0.023012638092041016
0.39498162269592285
0.10502481460571289
0.07089066505432129
0.12703800201416016
0.06901383399963379
0.08300065994262695
0.07303309440612793
0.0760030746459961
0.01600050926208496
0.1619861125946045
0.056014060974121094
0.0989842414855957
0.1369929313659668
0.11402058601379395
0.0970158576965332
0.17200183868408203
0.15400195121765137
0.13599395751953125
0.4929826259613037
0.22897815704345703
0.34507250785827637
0.03999829292297363
0.2390613555908203
0.06501245498657227
0.07398414611816406
0.04301309585571289
0.06699204444885254
0.07799696922302246
0.12200522422790527
0.20347905158996582
0.050009965896606445
0.04100298881530762
0.08599567413330078
0.2949845790863037
0.12799429893493652
0.09000158309936523
0.07501626014709473
0.10698676109313965
0.22503113746643066
0.3300173282623291
0.04001498222351074
0.3949728012084961
0.1610250473022461
0.0480046272277832
0.11200189590454102
0.05601906776428223
0.033011674880981445
0.15899920463562012
0.059988975524902344
0.20699691772460938
0.0689997673034668
0.16098356246948242
0.12299275398254395
0.05601167678833008
0.05398106575012207
0.09599614143371582
0.14899754524230957
0.09899497032165527
0.03699922561645508
0.09602212905883789
0.028992414474487305
0.08500075340270996
0.2039783000946045
0.09304118156433105
0.13199067115783691
0.033998966217041016
0.1380023956298828
0.06401658058166504
0.04401707649230957
0.18498444557189941
0.11001801490783691
0.24201607704162598
0.1340010166168213
0.15401363372802734
0.12412858009338379
0.13399434089660645
0.03996539115905762
0.6790297031402588
0.04696917533874512
0.07999324798583984
0.08301782608032227
0.6439957618713379
0.4010121822357178
0.030974149703979492
0.11900091171264648
0.1750028133392334
0.12388086318969727
0.2999839782714844
0.11800026893615723
0.1000206470489502
0.05599069595336914
0.06499576568603516
0.03599810600280762
0.04099893569946289
0.1469888687133789
0.10799884796142578
0.07999324798583984
0.05999612808227539
0.08399438858032227
0.07400035858154297
0.11051416397094727
0.041993141174316406
0.6220183372497559
0.05298328399658203
0.18700098991394043
0.057007789611816406
0.010992288589477539
0.043999671936035156
0.10600852966308594
0.13499975204467773
0.1560041904449463
0.44399523735046387
0.20599985122680664
1.2239396572113037
0.5099961757659912
0.1640026569366455
0.20800137519836426
0.18798303604125977
0.04701662063598633
0.08900237083435059
0.04698371887207031
0.049999237060546875
0.37099719047546387
0.03899788856506348
0.23801279067993164
0.05397510528564453
0.7250361442565918
0.05700492858886719
0.3149998188018799
0.055993080139160156
0.038004159927368164
0.2449936866760254
0.10698652267456055
0.047995805740356445
0.16701817512512207
0.28398966789245605
0.05598163604736328
0.33400511741638184
0.05097365379333496
0.05398201942443848
0.06198835372924805
0.08600091934204102
0.18101000785827637
0.07699275016784668
0.03802084922790527
0.18598580360412598
0.05198073387145996
0.11003828048706055
0.4839797019958496
0.14212870597839355
0.8699779510498047
0.1979999542236328
0.12601804733276367
0.18700408935546875
0.10796666145324707
0.0760030746459961
0.1019904613494873
0.04400038719177246
0.10001516342163086
0.09498286247253418
0.007995128631591797
0.07699465751647949
0.046996116638183594
0.2679710388183594
0.5850880146026611
0.10202169418334961
0.01600170135498047
0.07500314712524414
0.023000717163085938
0.16506004333496094
0.31501197814941406
0.13898634910583496
0.02301311492919922
0.07098126411437988
0.18401551246643066
0.09298324584960938
0.17997503280639648
0.03601670265197754
0.18803882598876953
0.0289914608001709
0.268998384475708
0.07598686218261719
0.028999805450439453
0.07998967170715332
0.1872556209564209
0.06982111930847168
0.03799867630004883
0.011993885040283203
0.10200142860412598
0.08899688720703125
