0.014998674392700195
0.03399157524108887
0.05800199508666992
0.014622688293457031
0.04800558090209961
0.04100155830383301
0.02895498275756836
0.08696532249450684
0.07898926734924316
0.027994871139526367
0.03598475456237793
0.02299189567565918
0.03202652931213379
0.03300166130065918
0.05999135971069336
0.07699775695800781
0.02900385856628418
0.009996175765991211
0.025984525680541992
0.0319974422454834
0.055975914001464844
0.025016307830810547
0.0509793758392334
0.004999399185180664
0.040993452072143555
0.029012203216552734
0.013996362686157227
0.03700995445251465
0.03698897361755371
0.06797099113464355
0.0599980354309082
0.019989728927612305
0.04097294807434082
0.0802602767944336
0.022017240524291992
0.02199578285217285
0.04198455810546875
0.007999897003173828
0.0990145206451416
0.04598236083984375
0.10001540184020996
0.04998517036437988
0.0359652042388916
0.0260012149810791
0.021037578582763672
0.05498790740966797
0.03194594383239746
0.017994403839111328
0.017999649047851562
0.033004045486450195
0.030944108963012695
0.04099869728088379
0.017987728118896484
0.042993783950805664
0.030999422073364258
0.02200031280517578
0.04800271987915039
0.014998197555541992
0.05696368217468262
0.03500485420227051
0.07001709938049316
0.02300119400024414
0.0500330924987793
0.038008689880371094
0.016000986099243164
0.03598642349243164
0.07101798057556152
0.030986785888671875
0.01798701286315918
0.00701141357421875
0.036974430084228516
0.08996987342834473
0.06300187110900879
0.037993431091308594
0.04298067092895508
0.049945831298828125
0.029009103775024414
0.021001338958740234
0.011972904205322266
0.06472492218017578
0.024005413055419922
0.05701398849487305
0.012980937957763672
0.01095438003540039
0.04198503494262695
0.025545597076416016
0.039986610412597656
0.02397608757019043
0.023000001907348633
0.017017126083374023
0.05200028419494629
0.10198402404785156
0.03999638557434082
0.029979705810546875
0.11399674415588379
0.1399400234222412
0.052978515625
0.0989682674407959
0.06401968002319336
0.02899479866027832
0.0309903621673584
0.05199861526489258
0.041997432708740234
0.021008968353271484
0.033965349197387695
0.014000177383422852
0.05210280418395996
0.018004417419433594
0.024989604949951172
0.04498624801635742
0.031007766723632812
0.01199793815612793
0.060967206954956055
0.06298303604125977
0.030012130737304688
0.0260007381439209
0.026970386505126953
0.008999824523925781
0.025015830993652344
0.02898240089416504
0.07198286056518555
0.016010761260986328
0.08600234985351562
0.02799534797668457
0.016988277435302734
0.014999628067016602
0.05099010467529297
0.04097723960876465
0.024997711181640625
0.05498838424682617
0.0030193328857421875
0.011997699737548828
0.03569984436035156
0.012011289596557617
0.014994144439697266
0.0319974422454834
0.06700992584228516
0.03299999237060547
0.037017107009887695
0.010947942733764648
0.01002645492553711
0.007999658584594727
0.11299967765808105
0.06398200988769531
0.03801536560058594
0.030999183654785156
0.13899588584899902
0.029964447021484375
0.018985271453857422
0.024996280670166016
0.031995534896850586
0.014999866485595703
0.09001922607421875
0.07301473617553711
0.15301132202148438
0.05099225044250488
0.06099390983581543
0.04199790954589844
0.028995037078857422
0.010000467300415039
0.0070002079010009766
0.05000042915344238
0.05004072189331055
0.012987852096557617
0.022960186004638672
0.056015968322753906
0.01559138298034668
0.11202025413513184
0.006974458694458008
0.022981882095336914
0.07999515533447266
0.03998613357543945
0.021016836166381836
0.056992530822753906
0.013018131256103516
0.021994352340698242
0.025019407272338867
0.04294180870056152
0.0209658145904541
0.02499222755432129
0.02300429344177246
0.03498411178588867
0.05298590660095215
0.03898310661315918
0.021005630493164062
0.016000747680664062
0.021009445190429688
0.028000354766845703
0.07201218605041504
0.017998218536376953
0.013996124267578125
0.04001307487487793
0.029990673065185547
0.052008867263793945
0.0299379825592041
0.06397533416748047
0.031004667282104492
0.005999326705932617
0.10197186470031738
0.09856581687927246
0.030968904495239258
0.027988672256469727
0.0599977970123291
0.05000495910644531
0.009017467498779297
0.011002779006958008
0.0029993057250976562
0.008999109268188477
0.08998966217041016
0.03099989891052246
0.04201197624206543
0.04496884346008301
0.06899571418762207
0.031001806259155273
0.027964115142822266
0.010000467300415039
0.06598949432373047
0.009000539779663086
0.07198619842529297
0.04196286201477051
0.04697394371032715
0.01897287368774414
0.034992218017578125
0.08803009986877441
0.025992631912231445
0.0220034122467041
0.10699963569641113
0.0349581241607666
0.04900836944580078
0.011994361877441406
0.02599620819091797
0.08600115776062012
0.0915229320526123
0.03199625015258789
0.03699493408203125
0.0570225715637207
0.05499386787414551
0.02301478385925293
0.04197239875793457
0.02998638153076172
0.02400374412536621
0.05798006057739258
0.002000570297241211
0.09398221969604492
0.015000343322753906
0.007992267608642578
0.05598902702331543
0.00099945068359375
0.01199960708618164
0.006982326507568359
0.05598616600036621
0.04948687553405762
0.01797771453857422
0.021985530853271484
0.04098677635192871
0.033983707427978516
0.010996818542480469
0.061986446380615234
0.02499866485595703
0.04098391532897949
0.0449976921081543
0.04898786544799805
0.030986785888671875
0.08494186401367188
0.039995431900024414
0.007009744644165039
0.06003594398498535
0.02701711654663086
0.01797032356262207
0.009996175765991211
0.015004396438598633
0.06497550010681152
0.03401494026184082
0.007992029190063477
0.00501561164855957
0.033019065856933594
0.03699374198913574
0.027981996536254883
0.0669863224029541
0.03599071502685547
0.022001981735229492
0.00998544692993164
0.02096867561340332
0.026015281677246094
0.04300260543823242
0.05000019073486328
0.0599970817565918
0.024966955184936523
0.14135527610778809
0.09396839141845703
0.034986019134521484
0.03202009201049805
0.03300213813781738
0.062026023864746094
0.06599855422973633
0.06296610832214355
0.024991273880004883
0.03697013854980469
0.011999845504760742
0.02102947235107422
0.037994384765625
0.07301712036132812
0.037976980209350586
0.048984527587890625
0.08499360084533691
0.047027587890625
0.0240023136138916
0.02800273895263672
0.034023284912109375
0.0050051212310791016
0.10804224014282227
0.024744749069213867
0.022999286651611328
0.038971900939941406
0.03395676612854004
0.01900005340576172
0.016970396041870117
0.023011445999145508
0.0040035247802734375
0.0489957332611084
0.019995450973510742
0.040013790130615234
0.04597067832946777
0.028989315032958984
0.042970895767211914
0.042978763580322266
0.03399920463562012
0.057997941970825195
0.10601353645324707
0.0460047721862793
0.0785372257232666
0.0319974422454834
0.08604907989501953
0.029967546463012695
0.03300356864929199
0.021000146865844727
0.030001163482666016
0.020000934600830078
0.044971466064453125
0.05398988723754883
0.029001712799072266
0.010994195938110352
0.015987873077392578
0.08199095726013184
0.04502272605895996
0.03496551513671875
0.02599787712097168
0.01900005340576172
0.06099677085876465
0.06798720359802246
0.018985986709594727
0.1080169677734375
0.04853534698486328
0.025968313217163086
0.02399754524230957
0.013997316360473633
0.007987260818481445
0.0535435676574707
0.02248358726501465
0.07099246978759766
0.020009756088256836
0.04601573944091797
0.04098868370056152
0.0139923095703125
0.027022361755371094
0.03301596641540527
0.04698634147644043
0.02899932861328125
0.011987686157226562
0.033994197845458984
0.022994518280029297
0.016983509063720703
0.042990684509277344
0.04205441474914551
0.0709991455078125
0.019001245498657227
0.033994197845458984
0.026995182037353516
0.009997129440307617
0.04297780990600586
0.02200007438659668
0.0719912052154541
0.04301190376281738
0.03600263595581055
0.03499102592468262
0.045011043548583984
0.0120086669921875
0.1400003433227539
0.02801680564880371
0.03198838233947754
0.030993938446044922
0.12101960182189941
0.08496928215026855
0.009999752044677734
0.03698611259460449
0.05201101303100586
0.05798459053039551
0.07301473617553711
0.03099966049194336
0.05495905876159668
0.028014659881591797
0.016019105911254883
0.014010906219482422
0.00799703598022461
0.042975425720214844
0.029998064041137695
0.03399181365966797
0.02400064468383789
0.04097485542297363
0.03598928451538086
0.04599642753601074
0.010999441146850586
0.12501096725463867
0.025011539459228516
0.04998278617858887
0.02800440788269043
0.0029993057250976562
0.02299666404724121
0.020998001098632812
0.03499960899353027
0.034000396728515625
0.09901952743530273
0.06382107734680176
0.311016321182251
0.12299680709838867
0.04198479652404785
0.045015573501586914
0.0429987907409668
0.03199505805969238
0.023999929428100586
0.030014991760253906
0.017983675003051758
0.08498597145080566
0.019995450973510742
0.05698704719543457
0.026999235153198242
0.14400076866149902
0.02198171615600586
0.08999180793762207
0.014002084732055664
0.007995843887329102
0.09998321533203125
0.03199028968811035
0.019002199172973633
0.03699684143066406
0.06299233436584473
0.030974388122558594
0.09399700164794922
0.021666765213012695
0.030999422073364258
0.02098679542541504
0.015999794006347656
0.04898500442504883
0.03397488594055176
0.008984088897705078
0.04800868034362793
0.027036666870117188
0.04399681091308594
0.1020040512084961
0.048998355865478516
0.17202520370483398
0.047995805740356445
0.04398345947265625
0.05401277542114258
0.04605841636657715
0.02899909019470215
0.054972171783447266
0.01799631118774414
0.02799534797668457
0.03700542449951172
0.005002260208129883
0.031014204025268555
0.02499246597290039
0.07302403450012207
0.11101150512695312
0.029986143112182617
0.0039980411529541016
0.02698373794555664
0.006000995635986328
0.0409088134765625
0.06798696517944336
0.033979177474975586
0.013003349304199219
0.014003515243530273
0.036000728607177734
0.018002748489379883
0.07599735260009766
0.00699925422668457
0.04750514030456543
0.01600337028503418
0.059998512268066406
0.03796529769897461
0.0070018768310546875
0.02599811553955078
0.05394172668457031
0.029991865158081055
0.02099752426147461
0.0019998550415039062
0.023977994918823242
0.03299260139465332
