0.8786535263061523
1.3670992851257324
1.3308358192443848
0.9086799621582031
1.12363600730896
1.2410056591033936
0.9208459854125977
2.615361213684082
2.356534719467163
2.1922428607940674
2.4677765369415283
0.925004243850708
0.8080651760101318
1.4593496322631836
1.2666893005371094
2.4409940242767334
1.3911771774291992
0.9304518699645996
1.8538463115692139
1.1646645069122314
2.4190030097961426
2.183039903640747
1.5966994762420654
0.6890089511871338
1.2857205867767334
0.8407285213470459
0.9156448841094971
1.2245795726776123
1.0692269802093506
1.5823414325714111
1.7714521884918213
0.8057925701141357
1.274343490600586
4.42228889465332
0.7898762226104736
0.8912913799285889
1.337001085281372
0.7349157333374023
6.9544878005981445
1.5491664409637451
4.022523641586304
7.775796890258789
1.0963175296783447
1.0153310298919678
0.916515588760376
1.7368097305297852
1.3973660469055176
0.7725765705108643
0.805499792098999
1.1040809154510498
0.8095607757568359
1.2169926166534424
1.0135173797607422
1.5665597915649414
1.0470855236053467
0.9589927196502686
1.0571439266204834
0.91792893409729
9.58927321434021
0.9621870517730713
2.8548731803894043
1.2665631771087646
1.386038064956665
1.0986261367797852
0.8006019592285156
1.831946849822998
3.9867613315582275
1.2448492050170898
0.9995276927947998
0.7652101516723633
1.3284261226654053
6.043954610824585
4.478015422821045
3.1151294708251953
1.6552555561065674
1.5377907752990723
0.9219827651977539
0.9628682136535645
0.839381217956543
1.649303674697876
0.8307585716247559
1.3806498050689697
2.0031135082244873
0.7695755958557129
1.012624740600586
2.775421380996704
2.8032586574554443
0.7932310104370117
0.8823447227478027
1.1049935817718506
1.0654370784759521
8.57624864578247
3.141390085220337
0.8568081855773926
7.945469617843628
2.866225481033325
1.0352306365966797
2.481287717819214
1.798849105834961
1.0805244445800781
1.0421946048736572
1.2199392318725586
1.195122480392456
2.7608962059020996
1.4795422554016113
0.8861081600189209
2.215794801712036
0.8662123680114746
1.019395112991333
1.258758544921875
1.0361981391906738
0.8426511287689209
1.1435348987579346
2.7229771614074707
0.9646039009094238
1.1735398769378662
0.9236783981323242
0.9279448986053467
1.4711711406707764
1.3711419105529785
7.919868230819702
0.7499463558197021
11.313116312026978
0.7975869178771973
1.06414794921875
0.9400637149810791
2.2490947246551514
0.9741032123565674
1.2919867038726807
1.8084218502044678
0.87152099609375
0.8195962905883789
2.982508659362793
0.8899221420288086
1.277322769165039
1.3062162399291992
2.9847381114959717
0.8761029243469238
1.426792860031128
0.8554677963256836
0.9473068714141846
0.698380708694458
2.350954294204712
2.3956475257873535
1.010667085647583
2.337653398513794
2.303976058959961
1.9040827751159668
1.1298036575317383
0.8810896873474121
1.176708698272705
1.1642262935638428
4.644087076187134
4.4688029289245605
7.180077314376831
1.487973928451538
2.088717460632324
0.9575755596160889
1.3173494338989258
0.6853492259979248
0.7010791301727295
1.5907130241394043
1.088794469833374
1.0843772888183594
0.8774960041046143
5.060173034667969
0.8306102752685547
3.363236665725708
0.857668399810791
0.8105237483978271
1.8524744510650635
1.305741548538208
0.891730785369873
6.393989324569702
1.9825093746185303
1.2011222839355469
0.9610903263092041
2.2507104873657227
0.8037540912628174
1.2054109573364258
0.7938370704650879
1.1661090850830078
1.3968865871429443
1.0830435752868652
1.978001356124878
0.925734281539917
0.9996194839477539
1.4432849884033203
1.6595714092254639
0.8020353317260742
1.214209794998169
0.8065791130065918
1.2139050960540771
2.945770502090454
1.0502362251281738
2.183396339416504
1.0307483673095703
0.647723913192749
10.00697112083435
3.288577079772949
1.1787774562835693
0.8324911594390869
2.4775948524475098
2.591726064682007
1.0513439178466797
0.8101427555084229
0.6638562679290771
0.8848273754119873
5.032087326049805
2.3144021034240723
2.064760446548462
1.6832563877105713
2.213165760040283
1.3034958839416504
1.2679736614227295
0.9870281219482422
4.435988426208496
0.8315958976745605
1.6606507301330566
2.8839354515075684
1.221022129058838
2.415052890777588
1.094329833984375
7.087294816970825
1.1908941268920898
1.2573573589324951
2.067345380783081
1.4404881000518799
1.589991807937622
0.6628134250640869
1.133483648300171
5.234517812728882
8.07411503791809
1.0140817165374756
2.2031853199005127
1.4929757118225098
1.7661528587341309
0.8843379020690918
1.3544774055480957
1.200418472290039
1.403782844543457
1.545445203781128
0.6850192546844482
1.913846492767334
0.9649996757507324
0.7730000019073486
6.250399589538574
0.7351772785186768
1.0213210582733154
0.8790254592895508
2.8585410118103027
2.948180675506592
0.9596946239471436
0.9922235012054443
1.3027336597442627
1.3014905452728271
1.0857853889465332
1.8748085498809814
1.1876745223999023
2.3714170455932617
1.5938959121704102
1.7343106269836426
1.1777632236480713
1.6551623344421387
1.1825528144836426
0.6596813201904297
3.153606653213501
1.9750432968139648
0.754218339920044
0.797760009765625
0.7356860637664795
5.65796971321106
1.6883580684661865
0.7439649105072021
1.2012872695922852
1.6671147346496582
1.1350350379943848
0.8385787010192871
3.991694211959839
1.1884210109710693
1.1525201797485352
0.8295397758483887
0.8070147037506104
1.228022575378418
1.9824068546295166
1.2786219120025635
2.709096670150757
0.9097399711608887
2.4379513263702393
2.0088984966278076
1.0571482181549072
1.027372121810913
2.4726643562316895
2.920372486114502
7.5620105266571045
2.68328595161438
0.9048717021942139
1.1965570449829102
0.774456262588501
0.8841373920440674
1.2487187385559082
3.5840258598327637
1.004889965057373
4.309392690658569
1.7614059448242188
1.3381338119506836
0.8249208927154541
2.675257444381714
2.0069334506988525
0.7358298301696777
3.001997232437134
4.2727086544036865
0.9923815727233887
2.907449722290039
0.9349915981292725
1.721510410308838
2.083082914352417
0.8128130435943604
0.8866498470306396
1.3821918964385986
1.0302631855010986
1.1762938499450684
2.8993077278137207
1.16441011428833
1.0660202503204346
3.229966878890991
1.527885913848877
1.5271177291870117
3.4501616954803467
2.3448779582977295
2.992222547531128
1.7446694374084473
4.71874475479126
1.313838243484497
1.266913652420044
0.9696853160858154
1.0393192768096924
0.8736319541931152
1.0740208625793457
1.7278940677642822
0.9122409820556641
0.8556187152862549
5.07015061378479
2.6737937927246094
1.5546395778656006
1.4608137607574463
1.0752975940704346
1.092592716217041
1.8530864715576172
5.811185121536255
0.7896072864532471
2.531745433807373
1.3764407634735107
0.8728504180908203
2.3242547512054443
0.9082515239715576
0.7349762916564941
1.622483730316162
0.7859616279602051
5.263115167617798
1.0165479183197021
2.309556484222412
1.0550904273986816
0.8452146053314209
0.8664741516113281
1.0894832611083984
1.9999425411224365
1.7328531742095947
0.9772634506225586
1.0420691967010498
0.7235169410705566
0.9463381767272949
5.326064109802246
1.1906805038452148
2.2843856811523438
0.864619255065918
1.2017145156860352
1.310959815979004
0.9142131805419922
2.085383892059326
3.056962013244629
4.899684190750122
1.1526775360107422
2.3201708793640137
1.960195541381836
1.2164428234100342
0.780432939529419
3.2118940353393555
0.7533800601959229
1.1329851150512695
0.9744632244110107
3.566434860229492
16.189298391342163
0.7868587970733643
1.205937385559082
3.6419084072113037
1.2322509288787842
2.960655927658081
1.3502788543701172
1.2739982604980469
0.8222651481628418
0.88627028465271
0.7896695137023926
0.7788176536560059
1.4113705158233643
1.340315341949463
0.9637188911437988
1.8705122470855713
1.117680549621582
1.104881763458252
1.2254984378814697
1.0071978569030762
7.631972551345825
0.840362548828125
2.484710931777954
0.8232288360595703
0.7941644191741943
0.8004708290100098
1.0374279022216797
1.3550913333892822
1.4813332557678223
6.423266410827637
1.5548863410949707
6.373956680297852
4.303013563156128
1.5415363311767578
1.4000718593597412
1.365342140197754
0.7821073532104492
1.147263765335083
0.7933437824249268
1.0050692558288574
7.077157020568848
0.8141729831695557
1.5879459381103516
0.9214372634887695
3.196044445037842
0.7907905578613281
2.729095458984375
1.0036273002624512
0.6785225868225098
2.5877888202667236
1.1426630020141602
0.927790641784668
3.841745138168335
6.004260063171387
0.7881555557250977
4.874204635620117
0.9707629680633545
0.8196520805358887
1.2004013061523438
0.9663870334625244
1.7328317165374756
1.1924448013305664
0.781137228012085
1.550703525543213
0.9407985210418701
3.8028464317321777
7.632106304168701
1.699228286743164
3.9768943786621094
2.118950128555298
1.4617290496826172
14.551628828048706
2.825582504272461
1.1170790195465088
1.2588798999786377
0.9568517208099365
1.7638559341430664
1.1562528610229492
0.6471107006072998
0.8721315860748291
0.9366872310638428
1.6962435245513916
11.989375352859497
1.213313341140747
2.3509809970855713
1.1752731800079346
0.659637451171875
1.4653904438018799
3.6161110401153564
1.2598559856414795
0.6967258453369141
0.8843302726745605
1.6496152877807617
0.8783478736877441
2.128246545791626
0.8192672729492188
1.458209753036499
0.7081997394561768
1.8768532276153564
0.8274130821228027
0.7469968795776367
1.134305477142334
1.2453691959381104
0.8953456878662109
0.8894152641296387
0.6558103561401367
1.3919646739959717
1.5019381046295166
