0.28478384017944336
0.4039952754974365
0.386155366897583
0.2851266860961914
0.4055004119873047
0.3722360134124756
0.2804100513458252
0.4430358409881592
0.5144014358520508
0.38596320152282715
0.48926591873168945
0.32811951637268066
0.2781956195831299
0.38600826263427734
0.3997182846069336
0.49971652030944824
0.39743900299072266
0.38642120361328125
0.3788156509399414
0.3811917304992676
0.398662805557251
0.45296573638916016
0.41793155670166016
0.3069913387298584
0.3744487762451172
0.2918519973754883
0.29818153381347656
0.3870961666107178
0.3827168941497803
0.4642963409423828
0.42859840393066406
0.2745072841644287
0.44198036193847656
0.5004208087921143
0.2987966537475586
0.3034217357635498
0.37818074226379395
0.2949988842010498
0.6107456684112549
0.3847486972808838
0.48604536056518555
0.4448087215423584
0.40474748611450195
0.368335485458374
0.3166329860687256
0.48772597312927246
0.398181676864624
0.3114438056945801
0.2854795455932617
0.3895888328552246
0.2614881992340088
0.38530683517456055
0.3676581382751465
0.48103785514831543
0.366854190826416
0.2846827507019043
0.42185425758361816
0.31114768981933594
0.5446715354919434
0.2895221710205078
0.5047199726104736
0.37128400802612305
0.40798068046569824
0.3571205139160156
0.3016033172607422
0.37700414657592773
0.44698119163513184
0.4047846794128418
0.37744808197021484
0.29926347732543945
0.57358717918396
0.638463020324707
0.5088348388671875
0.5320987701416016
0.37897682189941406
0.39929771423339844
0.38689494132995605
0.3785104751586914
0.3110623359680176
0.49950742721557617
0.29605841636657715
0.37348198890686035
0.3891465663909912
0.3221426010131836
0.4013638496398926
0.4881021976470947
0.36530065536499023
0.2941439151763916
0.3766767978668213
0.301163911819458
0.38239502906799316
0.4684150218963623
0.46273350715637207
0.2974274158477783
0.7076482772827148
0.49942684173583984
0.3851923942565918
0.5166349411010742
0.48448777198791504
0.3764681816101074
0.3716912269592285
0.3981022834777832
0.4087231159210205
0.3638763427734375
0.405975341796875
0.27808666229248047
0.3917093276977539
0.33506202697753906
0.29491209983825684
0.392148494720459
0.38519811630249023
0.29161739349365234
0.2855195999145508
0.4826233386993408
0.32744836807250977
0.40300893783569336
0.29822325706481934
0.29116082191467285
0.3670928478240967
0.40433478355407715
0.5000720024108887
0.3098576068878174
0.4890456199645996
0.3232879638671875
0.40830421447753906
0.3660001754760742
0.40019726753234863
0.3209192752838135
0.3801741600036621
0.4860396385192871
0.3604755401611328
0.2951350212097168
0.418501615524292
0.2850780487060547
0.4662013053894043
0.41275572776794434
0.6231768131256104
0.30278706550598145
0.3652474880218506
0.27591753005981445
0.5103874206542969
0.28838491439819336
0.4979982376098633
0.4887511730194092
0.3945498466491699
0.5068788528442383
0.3510279655456543
0.38318419456481934
0.39021849632263184
0.28337526321411133
0.404202938079834
0.3796069622039795
0.562000036239624
0.47447943687438965
0.5179455280303955
0.3990767002105713
0.4760630130767822
0.2810194492340088
0.39995646476745605
0.2957642078399658
0.2850944995880127
0.4702281951904297
0.43996119499206543
0.3741302490234375
0.40138983726501465
0.4757111072540283
0.3755943775177002
0.5106334686279297
0.3210103511810303
0.29404449462890625
0.4630594253540039
0.40279316902160645
0.3072478771209717
0.47149133682250977
0.27466487884521484
0.3810758590698242
0.4419553279876709
0.5127363204956055
0.30405282974243164
0.3762965202331543
0.3225400447845459
0.3836195468902588
0.3907468318939209
0.39093828201293945
0.48503541946411133
0.2846682071685791
0.3680460453033447
0.37871479988098145
0.49351048469543457
0.28995299339294434
0.38785314559936523
0.3118307590484619
0.38811731338500977
0.49852538108825684
0.4110565185546875
0.3919677734375
0.265794038772583
0.2840845584869385
0.5724756717681885
0.4963338375091553
0.4004652500152588
0.2892611026763916
0.49944210052490234
0.5768787860870361
0.3657538890838623
0.29618287086486816
0.32984018325805664
0.31308579444885254
0.5740835666656494
0.4891338348388672
0.40601658821105957
0.4812498092651367
0.4055635929107666
0.38607215881347656
0.5400030612945557
0.35747766494750977
0.5290079116821289
0.3555929660797119
0.44822049140930176
0.4664335250854492
0.3803219795227051
0.263291597366333
0.4019906520843506
0.6227960586547852
0.3871488571166992
0.37200045585632324
0.4992959499359131
0.40677809715270996
0.417330265045166
0.2740912437438965
0.3828132152557373
0.5793004035949707
0.592644214630127
0.38231897354125977
0.3721580505371094
0.40477681159973145
0.4245893955230713
0.29281067848205566
0.4951190948486328
0.37481141090393066
0.3721892833709717
0.4078090190887451
0.2960026264190674
0.4733622074127197
0.2850031852722168
0.299999475479126
0.4770209789276123
0.3068509101867676
0.3688960075378418
0.29804158210754395
0.49515652656555176
0.4529848098754883
0.4080514907836914
0.3614053726196289
0.3989756107330322
0.36524391174316406
0.2534501552581787
0.40354132652282715
0.3784217834472656
0.45952630043029785
0.3967463970184326
0.4781920909881592
0.37082433700561523
0.3881521224975586
0.37996864318847656
0.30565524101257324
0.3773229122161865
0.37399721145629883
0.2739248275756836
0.33037734031677246
0.27633118629455566
0.5994710922241211
0.4944462776184082
0.30711936950683594
0.3880126476287842
0.3057100772857666
0.4162890911102295
0.2786061763763428
0.36086463928222656
0.3820383548736572
0.3699963092803955
0.3124723434448242
0.30293941497802734
0.37650442123413086
0.37531566619873047
0.390000581741333
0.4436171054840088
0.3810443878173828
0.5041866302490234
0.6073915958404541
0.3686070442199707
0.3870730400085449
0.48096752166748047
0.5013816356658936
0.5098130702972412
0.5181217193603516
0.3374767303466797
0.3825407028198242
0.29584240913391113
0.285400390625
0.3904132843017578
0.47182536125183105
0.37431764602661133
0.40734410285949707
0.5298500061035156
0.37126684188842773
0.3224375247955322
0.4015681743621826
0.3541684150695801
0.31473851203918457
0.4799771308898926
0.4968230724334717
0.39567089080810547
0.3787975311279297
0.3127405643463135
0.3706679344177246
0.4875600337982178
0.27217698097229004
0.36208510398864746
0.38021039962768555
0.2851402759552002
0.39189910888671875
0.4707756042480469
0.38256382942199707
0.3815183639526367
0.5348818302154541
0.39299964904785156
0.4002060890197754
0.5059528350830078
0.48142409324645996
0.5663697719573975
0.31438469886779785
0.39646291732788086
0.3843650817871094
0.39739370346069336
0.2868385314941406
0.40165281295776367
0.29598474502563477
0.38588547706604004
0.46903491020202637
0.4087498188018799
0.39328527450561523
0.4080197811126709
0.47367286682128906
0.48332953453063965
0.4115417003631592
0.3713643550872803
0.3884251117706299
0.4901401996612549
0.5595207214355469
0.30362653732299805
0.5822658538818359
0.3567006587982178
0.3288266658782959
0.4822201728820801
0.3910248279571533
0.307659387588501
0.5032658576965332
0.3303091526031494
0.45153355598449707
0.3705434799194336
0.48927950859069824
0.3436005115509033
0.32321763038635254
0.27457189559936523
0.3998279571533203
0.37809205055236816
0.3748815059661865
0.31781506538391113
0.39514589309692383
0.3136169910430908
0.38799548149108887
0.4749875068664551
0.39855146408081055
0.37713027000427246
0.30014753341674805
0.3665480613708496
0.29707956314086914
0.39646434783935547
0.3981001377105713
0.44356608390808105
0.4637155532836914
0.4149360656738281
0.3763618469238281
0.38857412338256836
0.3981645107269287
0.3188192844390869
0.6267921924591064
0.282686710357666
0.38248491287231445
0.38317251205444336
0.6294777393341064
0.612919807434082
0.299574613571167
0.3990485668182373
0.47025132179260254
0.425520658493042
0.4980747699737549
0.3948547840118408
0.3970346450805664
0.2956411838531494
0.3919992446899414
0.33010220527648926
0.2857356071472168
0.38367390632629395
0.39476776123046875
0.28673481941223145
0.36424803733825684
0.35736823081970215
0.37572431564331055
0.3699052333831787
0.3680002689361572
0.5747263431549072
0.28873729705810547
0.3974416255950928
0.308276891708374
0.28527045249938965
0.28194117546081543
0.4000415802001953
0.36649394035339355
0.3910655975341797
0.6144325733184814
0.49207305908203125
0.6424770355224609
0.5934305191040039
0.3989098072052002
0.48064637184143066
0.3841733932495117
0.3124535083770752
0.39166927337646484
0.2945740222930908
0.38132309913635254
0.5687925815582275
0.3027675151824951
0.3961935043334961
0.38117504119873047
0.6287510395050049
0.3074314594268799
0.517235279083252
0.37859129905700684
0.2612583637237549
0.4785323143005371
0.38146543502807617
0.29007768630981445
0.46590662002563477
0.51149582862854
0.3139653205871582
0.5161669254302979
0.3611934185028076
0.31026172637939453
0.3691871166229248
0.3639795780181885
0.4728071689605713
0.4009056091308594
0.31047701835632324
0.4841151237487793
0.30846571922302246
0.46246814727783203
0.4869048595428467
0.4033355712890625
0.6191425323486328
0.4460616111755371
0.39842700958251953
0.4958963394165039
0.3809378147125244
0.37799668312072754
0.38425731658935547
0.30417299270629883
0.36931920051574707
0.41365480422973633
0.29560279846191406
0.3114814758300781
0.3090057373046875
0.5002970695495605
0.6019642353057861
0.35991787910461426
1.9174554347991943
0.4005603790283203
0.26838135719299316
0.4060189723968506
0.4970111846923828
0.4262118339538574
0.30506396293640137
0.36026787757873535
0.3971686363220215
0.31832194328308105
0.4665031433105469
0.28024959564208984
0.38425278663635254
0.28637099266052246
0.6489043235778809
0.2939722537994385
0.3820052146911621
0.37665629386901855
0.4079768657684326
0.372927188873291
0.32289719581604004
0.2870640754699707
0.39934754371643066
0.39914798736572266
